1.47046
1.52181
1.52181
1.6927
2.60646
2.70626
2.30559
2.39457
2.39457
2.70995
1.94877
1.38238
1.92572
1.86576
2.16572
1.89117
2.83514
2.58551
1.82817
0.97674
0.212287
0.212287
-0.598449
-1.21188
-1.21188
-1.21188
-1.01592
-1.09315
-1.59274
-0.798724
-0.223522
-0.325921
-0.325921
-0.379144
-1.13449
-1.81363
-2.13723
-3.07731
-3.93522
-4.7307
-4.80855
-4.80855
-5.43564
-5.42421
-5.67704
-5.67704
-4.73084
-5.02248
-5.39799
-4.5585
-4.85108
-4.18479
-4.14372
-4.67901
-4.289
-4.289
-4.61328
-5.47395
-5.8885
-6.51779
-7.13382
-7.13382
-6.26338
-6.57715
-7.1675
-7.63878
-7.3067
-7.50444
-7.72881
-7.35195
-8.05565
-8.28981
-8.28981
-7.46999
-8.2783
-7.34212
-8.18215
-7.58019
-8.40983
-7.43115
-7.14734
-7.09812
-6.73869
-7.20371
-6.84419
-6.75283
-7.32155
-7.10118
-7.66283
-6.96506
-6.96506
-7.78478
-7.04045
-7.14341
-7.14341
-8.06377
-8.06377
-8.08994
-8.98821
-8.88369
-9.178
-8.2545
-8.77346
-8.77346
-9.43843
-9.64534
-8.7409
-8.16061
-8.6556
-8.5063
-8.55757
-8.55507
-9.32787
-8.74044
-9.38314
-10.2577
-10.6895
-9.75791
-9.46887
-9.46887
-10.0453
-10.4693
-9.92802
-10.6467
-10.6467
-11.3698
-11.8527
-11.9544
-12.9302
-13.2991
-13.2991
-14.0767
-13.1189
-12.6587
-12.6283
-12.6037
-12.4646
-13.0932
-13.6157
-13.6157
-13.6157
-12.74
-12.5005
-13.3812
-14.1177
-14.5012
-14.802
-14.4402
-14.4402
-14.4402
-14.4402
-14.7502
-15.1474
-15.3137
-15.894
-16.0412
-15.4594
-15.5918
-15.4119
-15.6843
-16.5159
-15.8048
-15.9013
-16.0241
-16.8302
-16.9438
-17.295
-16.892
-16.9312
-17.4401
-17.2883
-17.2325
-17.831
-18.3612
-17.7982
-18.3482
-18.282
-19.0891
-19.0891
-19.897
-20.7014
-20.4266
-19.4631
-19.7204
-18.739
-19.3769
-20.0804
-20.162
-20.162
-19.6787
-20.3895
-21.3132
-20.3234
-19.8474
-18.9154
-18.679
-18.7582
-18.7651
-19.3996
-19.7436
-19.8333
-19.1933
-18.7325
-18.7325
-18.42
-18.5173
-19.4358
-19.1304
-20.0949
-20.3885
-19.4268
-18.8677
-18.6966
-19.024
-19.0712
-18.1712
-17.5877
-17.5877
-17.5877
-17.1453
-16.6627
-16.8164
-17.5517
-18.5173
-19.0365
-18.1083
-18.1874
-18.0518
-17.3886
-17.3886
-16.3983
-16.9681
-16.17
-16.17
-15.4226
-15.5078
-14.5352
-14.7302
-14.5508
-15.4565
-15.4565
-15.6368
-16.2769
-16.2769
-16.779
-17.2015
-17.1873
-17.4544
-16.5142
-16.5142
-16.8444
-16.9193
-16.6414
-17.4273
-18.2014
-18.7702
-18.1807
-19.1802
-19.4068
-19.6084
-19.9697
-19.0894
-19.021
-18.9164
-18.9164
-18.794
-19.6118
-19.6118
-19.3008
-19.9575
-20.4139
-20.6823
-20.3104
-19.4023
-19.5597
-18.5875
-19.1894
-18.8594
-19.7846
-18.9104
-18.8365
-19.5153
-19.1284
-18.6294
-17.8626
-18.3553
-18.0336
-18.5393
-19.2088
-19.9635
-20.4019
-21.3445
-21.3445
-21.3445
-22.0093
-22.0093
-21.9586
-21.938
-22.6575
-22.2096
-22.2149
-21.6172
-21.8739
-22.3274
-21.4056
-21.4075
-21.1626
-21.5489
-21.8141
-21.5832
-21.416
-22.3651
-22.3786
-22.6347
-23.0567
-22.5328
-23.1539
-23.1539
-23.5925
-24.5858
-24.1884
-25.1646
-25.1646
-26.0897
-25.9274
-26.5779
-25.9061
-25.3756
-25.3756
-25.1699
-25.2494
-25.4809
-25.4809
-26.0422
-25.7325
-25.0414
-25.8152
-26.607
-26.0104
-26.5863
-26.6512
-26.1075
-26.4728
-26.8549
-27.2103
-27.5798
-27.1143
-27.4311
-27.2648
-28.1426
-27.9987
-28.0324
-28.7594
-28.5636
-28.6308
-28.0672
-27.3965
-26.841
-27.2811
-28.031
-28.031
-27.8899
-28.0296
-28.2079
-28.161
-28.2574
-27.9404
-27.8926
-28.1565
-28.4694
-28.7041
-29.3237
-29.9092
-29.9092
-30.0729
-30.4819
-30.0161
-30.7979
-31.2002
-30.6211
-30.2671
-30.5288
-30.2407
-29.4981
-29.6565
-30.3475
-31.3108
-30.8038
-30.623
-30.6087
-30.5719
-29.6995
-30.2167
-29.9881
-29.2324
-29.0585
-29.0585
-29.9846
-30.5227
-30.8845
-30.5881
-30.5343
-29.935
-30.1571
-30.1571
-30.3738
-30.3738
-31.1936
-30.8878
-31.861
-31.7435
-30.9151
-31.5273
-31.9054
-31.3422
-31.3422
-31.3422
-31.3422
-31.9388
-32.5581
-32.5797
-31.769
-31.6184
-31.4325
-31.4143
-31.7915
-31.1137
-31.9721
-31.8983
-31.8983
-32.255
-32.7236
-32.2159
-32.879
-33.3102
-33.6078
-33.7516
-33.684
-33.999
-34.1759
-34.232
-34.308
-34.7792
-35.1204
-35.1204
-34.7117
-34.9931
-35.4567
-34.6908
-35.0639
-35.7266
-34.8541
-34.8541
-34.9174
-35.0024
-34.0923
-34.4655
-33.9202
-33.7894
-33.1525
-32.9279
-33.0877
-34.0444
-34.793
-34.2058
-33.7916
-33.7916
-32.7921
-32.3878
-31.4051
-31.9311
-31.2138
-31.144
-31.4544
-31.4893
-32.4857
-31.8105
-31.1518
-32.1381
-31.5587
-31.162
-31.0902
-30.9235
-30.8198
-30.8892
-31.3468
-31.5818
-31.5818
-32.3524
-33.2525
-32.6834
-33.1697
-33.2218
-33.5092
-33.5092
-33.8231
-33.0926
-33.1408
-33.8736
-33.1278
-33.3764
-34.2421
-35.0521
-35.1973
-35.1973
-35.1174
-34.1613
-35.0629
-35.6976
-35.2149
-36.1664
-36.8598
-36.8598
-36.0425
-36.9055
-36.5563
-36.5274
-35.8379
-36.3266
-36.9998
-37.9257
-37.3391
-37.9239
-38.5112
-38.0696
-37.9722
-38.3515
-38.8564
-38.8564
-38.0124
-37.1776
-37.1776
-38.0666
-38.0666
-38.72
-39.1659
-39.6526
-39.2607
-38.5642
-38.5642
-39.1919
-38.5226
-39.4291
-39.6064
-39.4927
-39.3
-38.4971
-38.2387
-38.0889
-38.4868
-38.691
-38.0263
-37.0532
-37.7374
-38.1602
-39.0523
-39.0204
-39.0692
-39.0692
-39.0511
-39.5021
-40.3499
-41.3494
-40.9773
-40.2493
-40.8059
-41.6032
-41.6032
-41.9644
-42.4361
-42.6238
-43.5617
-43.0821
-42.7696
-42.7696
-42.7152
-42.8284
-41.9765
-41.0559
-41.4795
-40.9857
-40.9857
-40.9392
-40.168
-41.1301
-40.2067
-40.7403
-41.3887
-41.4167
-42.3801
-42.3801
-41.6976
-41.9396
-42.3944
-41.9066
-42.1096
-42.3074
-41.6158
-41.6158
-41.3686
-42.0282
-42.0282
-42.3989
-42.1266
-42.6417
-41.7041
-42.5769
-43.1691
-43.1691
-43.7062
-42.865
-43.5011
-43.1354
-43.1354
-42.2028
-42.4314
-42.4314
-43.2467
-43.732
-43.5116
-43.5116
-43.213
-43.6435
-42.7305
-43.4097
-44.1721
-44.1738
-44.9715
-44.0595
-44.1975
-43.6853
-43.6853
-44.5311
-44.7325
-43.7921
-44.1861
-44.1861
-45.0572
-45.0778
-45.0778
-45.1633
-44.2661
-43.8632
-43.1448
-42.2959
-42.3885
-43.069
-42.1479
-42.6177
-43.2888
-44.0962
-43.1351
-43.1351
-42.3926
-42.3691
-41.8308
-41.5872
-41.1572
-41.8025
-41.8025
-40.8639
-40.8639
-40.3036
-40.6566
-40.7122
-40.3674
-41.0946
-40.8512
-41.6074
-41.9511
-41.9511
-41.9982
-42.2263
-41.3069
-41.9838
-41.9888
-42.0105
-41.8126
-42.0884
-41.6985
-42.3906
-42.5365
-42.01
-41.6742
-41.5668
-40.7571
-40.7571
-40.0573
-40.8785
-41.63
-42.4872
-42.8083
-42.8083
-41.868
-41.4602
-40.7561
-41.366
-41.197
-40.5408
-40.8004
-40.698
-41.5953
-42.1466
-42.8668
-42.6569
-43.2805
-44.1885
-43.6621
-43.247
-42.612
-42.342
-42.7973
-42.7973
-41.9561
-41.8402
-42.3717
-42.89
-42.89
-42.227
-42.9667
-42.9667
-43.7833
-43.7833
-43.8121
-43.9891
-43.1929
-43.0723
-43.1114
-43.1114
-42.4437
-42.5539
-43.4288
-42.762
-42.7717
-43.408
-42.5924
-41.7214
-41.8342
-42.4699
-41.6253
-42.0054
-42.2947
-43.153
-43.4204
-42.8837
-42.1156
-42.4637
-43.2739
-43.9352
-43.4082
-44.4036
-44.4036
-43.8094
-44.78
-45.2489
-46.1211
-46.8504
-45.8768
-46.6354
-45.6808
-46.2265
-46.497
-47.1864
-46.694
-47.6566
-48.2485
-48.5691
-48.8307
-48.6957
-48.6636
-48.6636
-49.2627
-48.7358
-48.7358
-49.1949
-49.6308
-50.1122
-50.2872
-49.3531
-49.4696
-49.2003
-49.5636
-50.5126
-49.9291
-50.0675
-50.7425
-50.7425
-50.7425
-50.5799
-51.1623
-51.1682
-51.3531
-50.4727
-51.1731
-51.1129
-52.0119
-52.8904
-52.752
-51.8398
-52.6842
-53.4543
-53.412
-52.6948
-52.908
-52.908
-52.2784
-53.1378
-53.1378
-52.4391
-52.7106
-53.3227
-53.4909
-53.1065
-53.5637
-53.5637
-53.2134
-52.2749
-52.9836
-53.9459
-53.1241
-52.8736
-52.8088
-51.8189
-52.5212
-53.4712
-54.0269
-54.1743
-54.2061
-54.0238
-53.7393
-53.7393
-54.4774
-53.6342
-53.6451
-53.1805
-52.7258
-52.6304
-53.0335
-52.9927
-52.8756
-53.7795
-53.7438
-53.6608
-53.6
-54.488
-54.4628
-54.4628
-53.6218
-52.9941
-52.7218
-52.2464
-52.9272
-53.2956
-53.4498
-54.0184
-54.7011
-54.1915
-54.1915
-54.9492
-53.9835
-53.0957
-53.6991
-53.4689
-53.4689
-53.2354
-53.7615
-53.4279
-52.4892
-53.4318
-53.9773
-54.7539
-53.8281
-54.6712
-54.6712
-54.4207
-54.7337
-55.237
-56.1751
-56.1751
-56.0289
-56.9826
-57.3089
-56.4316
-57.3893
-58.2166
-58.0296
-58.2114
-58.2309
-58.1921
-57.9779
-57.5867
-57.1711
-57.3118
-58.2122
-57.3376
-57.1329
-57.1329
-57.3162
-57.1242
-56.5491
-57.3788
-56.5325
-57.0257
-57.406
-56.9159
-56.2356
-56.2356
-56.4734
-56.4734
-56.7671
-57.3068
-57.2796
-57.7931
-58.3903
-58.2246
-58.8196
-59.386
-60.3734
-61.2216
-62.1021
-61.4666
-62.3093
-61.9728
-62.7867
-62.0664
-61.8465
-62.1327
-61.8422
-61.4407
-61.4407
-61.4407
-61.7173
-61.7173
-62.1151
-63.1131
-63.2385
-63.1339
-63.9679
-64.6296
-65.01
-64.217
-64.7529
-64.4925
-63.6694
-62.8917
-62.0841
-61.9172
-61.9172
-61.8259
-62.5795
-61.9387
-61.9387
-61.9353
-61.9353
-61.177
-61.89
-62.2442
-61.8324
-62.5615
-63.1817
-63.6288
-64.0381
-63.6981
-64.2117
-63.7093
-64.2188
-65.1523
-64.3229
-65.178
-64.6971
-65.5115
-65.7921
-66.2256
-66.0553
-65.0715
-64.211
-64.0643
-63.9476
-63.1939
-63.9134
-64.0495
-64.2357
-64.3297
-64.8496
-65.3125
-65.3125
-65.3125
-64.3472
-64.9365
-64.6513
-64.7911
-64.8148
-64.8148
-63.8512
-64.3151
-64.3832
-64.6198
-65.1504
-65.1504
-65.2817
-65.1538
-65.5511
-64.6569
-63.6622
-63.8436
-63.4773
-64.1063
-63.7465
-63.1659
-62.7879
-62.2996
-62.6911
-61.7572
-62.6132
-62.928
-63.1359
-63.3264
-63.3264
-64.2553
-63.9541
-64.0156
-63.9834
-63.5657
-64.4454
-64.4454
-64.4454
-64.6258
-64.6258
-65.5193
-66.08
-66.2791
-66.3725
-65.6935
-65.9569
-66.191
-65.4943
-64.8348
-64.6582
-64.2724
-64.4271
-64.4271
-64.5279
-64.7632
-65.1152
-65.2428
-66.0711
-67.0325
-67.7057
-67.1481
-67.8436
-67.8436
-68.5399
-69.1893
-69.1893
-69.3584
-70.3117
-70.9524
-71.1239
-71.1239
-71.1239
-71.5738
-71.0792
-71.0619
-71.8927
-72.1246
-71.9945
-71.9945
-71.2535
-72.1446
-71.4588
-71.6617
-72.6095
-73.5556
-74.3697
-73.9185
-74.7941
-75.731
-75.892
-76.8381
-77.7965
-78.6276
-78.4031
-78.1086
-77.6023
-78.0875
-78.9999
-78.2306
-77.8876
-77.1242
-77.9316
-77.9316
-78.7927
-78.9687
-79.293
-79.9864
-80.5084
-80.0615
-79.6748
-80.6192
-80.0663
-80.1714
-80.3557
-80.0982
-79.7631
-80.6476
-80.2647
-80.2318
-80.2318
-80.2318
-80.1343
-81.0835
-81.765
-82.0974
-82.2005
-82.6717
-82.609
-82.609
-83.2751
-83.261
-83.6531
-82.7277
-83.0193
-83.0712
-83.069
-82.5253
-83.3041
-83.2162
-84.1824
-85.0984
-85.8176
-86.336
-85.9227
-86.1701
-85.4681
-85.5839
-85.0074
-84.4985
-85.287
-85.0322
-85.4002
-85.4002
-85.9898
-86.7029
-86.7029
-86.5015
-87.3584
-86.5547
-87.2124
-88.1172
-88.0342
-88.7458
-89.1361
-89.1361
-89.8662
-89.0452
-89.9687
-89.0843
-88.7653
-88.5069
-88.8081
-89.7058
-89.6336
-89.6336
-90.3292
-90.1058
-89.5342
-90.1954
-90.6011
-90.6011
-91.1903
-90.9266
-90.5579
-91.4872
-91.7332
-91.571
-90.6626
-91.6353
-91.0206
-91.2295
-92.2032
-92.2843
-91.9418
-91.3545
-91.4109
-91.0772
-91.3815
-90.87
-90.0195
-90.2652
-90.9057
-90.9057
-90.9057
-91.691
-91.691
-91.9061
-92.651
-92.651
-92.5317
-93.1243
-94.0732
-93.5401
-93.8641
-93.613
-93.2182
-94.0304
-93.9102
-93.9856
-94.0784
-93.0804
-92.2225
-92.2225
-92.5194
-92.5194
-92.5194
-92.5115
-92.3207
-92.7634
-92.8456
-92.59
-92.2675
-92.7986
-92.1122
-91.1401
-91.8254
-91.6647
-91.6647
-92.5245
-92.3373
-92.8447
-93.46
-94.3793
-94.5181
-94.5181
-95.4198
-95.8238
-96.8091
-97.3143
-97.7964
-96.9221
-97.5159
-96.9672
-96.0897
-96.3129
-96.3129
-96.9215
-96.1526
-96.073
-96.4967
-97.2808
-97.6094
-97.8738
-98.6532
-98.7285
-98.8791
-98.8791
-98.8791
-98.9369
-99.6257
-99.4003
-100.139
-100.546
-100.417
-100.283
-100.183
-100.632
-101.527
-102.02
-101.96
-102.81
-102.334
-102.264
-102.264
-103.082
-103.88
-104.273
-104.273
-104.028
-104.85
-104.85
-105.723
-105.102
-105.417
-105.445
-104.721
-105.448
-106.092
-106.126
-106.126
-106.565
-106.563
-106.563
-105.844
-105.835
-105.121
-104.913
-105.503
-105.877
-105.981
-105.816
-105.816
-106.725
-107.683
-107.151
-108.11
-108.652
-109.204
-108.356
-107.662
-107.662
-108.326
-108.392
-108.061
-108.347
-107.98
-107.263
-106.58
-107.487
-107.487
-108.382
-108.518
-109.265
-110.092
-110.885
-110.646
-110.853
-111.378
-111.378
-111.464
-111.075
-111.686
-111.32
-111.597
-112.139
-112.848
-111.897
-111.31
-111.834
-111.451
-110.686
-110.465
-111.429
-111.689
-110.782
-110.489
-110.813
-111.813
-111.466
-112.126
-112.126
-111.896
-111.37
-112.324
-113.095
-113.095
-113.095
-113.329
-113.229
-112.629
-113.349
-113.734
-114.702
-114.702
-115.036
-115.157
-115.638
-115.319
-115.432
-115.409
-115.548
-115.055
-115.311
-115.167
-114.814
-114.448
-115.377
-115.981
-115.941
-116.513
-116.26
-116.709
-116.556
-116.388
-117.175
-117.478
-117.478
-117.73
-118.077
-117.204
-116.724
-116.216
-116.612
-116.612
-116.776
-116.927
-117.913
-117.928
-117.838
-118.085
-117.603
-118.56
-119.304
-120.26
-120.198
-121.196
-121.798
-122.505
-122.938
-123.481
-123.174
-122.933
-123.195
-123.692
-124.43
-123.835
-124.57
-125.4
-124.762
-125.687
-125.958
-125.362
-125.683
-125.683
-126.426
-126.415
-126.374
-125.7
-125.789
-126.719
-126.252
-126.509
-126.849
-127.244
-126.945
-127.296
-128.146
-128.731
-128.259
-128.423
-127.974
-127.586
-127.54
-128.068
-128.665
-128.722
-128.299
-127.712
-128.357
-127.828
-127.852
-127.991
-128.422
-128.636
-127.694
-128.433
-128.433
-128.619
-128.413
-129.117
-129.08
-129.06
-129.223
-129.746
-129.915
-129.963
-129.843
-129.514
-130.15
-129.475
-130.265
-130.098
-129.584
-130.236
-130.719
-130.933
-131.888
-132.002
-132.534
-133.346
-133.346
-132.514
-132.138
-131.626
-130.814
-130.863
-131.058
-131.058
-130.999
-131.645
-132.579
-132.786
-133.384
-133.842
-134.626
-134.455
-135.353
-136.203
-136.884
-136.802
-136.552
-136.708
-136.084
-136.636
-137.006
-136.595
-136.595
-136.433
-136.385
-135.538
-136.339
-136.339
-136.899
-136.983
-136.533
-137.151
-136.545
-135.943
-135.943
-136.446
-136.792
-136.792
-135.892
-135.796
-134.809
-134.809
-134.949
-134.37
-134.396
-134.396
-134.943
-135
-135.682
-136.338
-136.675
-136.224
-136.655
-135.94
-136.654
-136.564
-136.291
-136.734
-136.672
-136.419
-136.674
-137.002
-137.301
-137.22
-136.587
-137.485
-137.24
-138.212
-139.082
-138.392
-139.004
-139.004
-139.121
-139.551
-139.351
-138.362
-138.362
-139.173
-140.144
-139.593
-140.294
-141.231
-140.982
-140.294
-140.956
-141.832
-141.796
-141.542
-142.084
-142.902
-143.578
-143.155
-144.041
-144.198
-143.44
-144.149
-143.527
-144.519
-144.961
-144.961
-144.947
-144.941
-144.969
-144.737
-143.796
-144.454
-145.196
-145.468
-145.201
-145.124
-145.142
-144.928
-145.006
-144.064
-143.23
-143.187
-144.185
-144.798
-144.798
-145.065
-145.967
-146.919
-146.175
-146.561
-146.146
-145.853
-145.742
-146.655
-146.29
-145.371
-146.332
-146.981
-146.982
-146.569
-145.848
-146.214
-146.214
-146.558
-146.558
-146.392
-146.392
-145.91
-145.91
-146.439
-146.262
-146.191
-146.191
-145.303
-145.279
-145.481
-145.526
-145.853
-145.002
-144.143
-143.394
-143.897
-143.58
-143.782
-144.433
-144.693
-144.451
-144.632
-144.451
-143.898
-144.377
-143.627
-143.939
-144.577
-145.505
-146.11
-145.482
-145.482
-145.482
-146.4
-147.056
-146.897
-147.814
-147.814
-148.572
-147.849
-147.761
-148.416
-147.719
-148.225
-148.803
-149.385
-150.28
-149.556
-149.308
-149.981
-149.081
-150.04
-149.811
-149.811
-149.75
-149.412
-148.568
-149.241
-148.468
-149.274
-148.872
-149.284
-149.516
-149.185
-149.443
-150.359
-150.198
-149.224
-148.266
-147.983
-148.437
-149.146
-148.715
-148.335
-147.789
-148.223
-148.264
-148.417
-148.324
-149.142
-149.291
-149.466
-149.21
-149.099
-149.672
-149.636
-149.636
-149.482
-149.844
-149.019
-148.932
-148.932
-149.734
-149.734
-150.107
-150.092
-150.129
-149.887
-150.24
-150.7
-151.518
-151.348
-151.938
-151.725
-152.052
-152.282
-153.026
-152.619
-152.674
-153.365
-153.365
-152.626
-152.626
-152.129
-151.404
-151.687
-151.623
-151.623
-151.043
-151.043
-151.986
-152.276
-152.276
-152.628
-153.404
-153.891
-154.836
-154.836
-154.142
-154.734
-155.046
-155.046
-154.575
-153.97
-153.313
-154.203
-154.053
-153.495
-154.224
-153.855
-154.267
-155.038
-154.826
-154.322
-154.384
-154.792
-154.792
-155.707
-155.678
-155.765
-156.262
-156.262
-156.262
-156.121
-156.121
-156.098
-155.741
-155.966
-155.43
-155.583
-156.573
-157.026
-157.997
-157.997
-158.361
-157.989
-158.556
-158.323
-157.585
-157.464
-158.13
-158.303
-157.585
-157.571
-157.53
-156.957
-156.957
-157.275
-158.107
-158.891
-159.011
-159.738
-159.738
-160.062
-160.265
-159.888
-160.673
-160.292
-160.564
-159.574
-160.46
-160.711
-161.48
-162.195
-162.951
-163.731
-162.873
-162.388
-163.141
-163.549
-163.361
-162.537
-161.938
-162.068
-161.889
-161.617
-161.865
-161.582
-160.796
-161.345
-160.93
-160.93
-160.93
-160.914
-161.862
-161.588
-161.008
-161.326
-161.968
-162.137
-162.773
-162.773
-162.954
-163.717
-163.096
-162.16
-162.93
-163.135
-163.68
-162.907
-162.374
-161.799
-160.844
-161.659
-162.416
-162.926
-163.211
-163.211
-163.907
-162.942
-163.224
-163.25
-162.957
-162.926
-162.498
-162.985
-163.432
-163.608
-163.608
-163.867
-164.812
-165.143
-165.143
-165.088
-165.5
-165.5
-165.894
-166.864
-166.668
-167.287
-167.143
-166.156
-165.467
-165.386
-165.857
-166.327
-166.753
-167.483
-167.111
-167.623
-166.904
-167.711
-168.561
-169.061
-169.369
-168.953
-169.198
-168.909
-168.021
-168.334
-169.291
-168.732
-169.48
-170.165
-170.794
-171.355
-171.663
-171.663
-171.199
-171.841
-172.698
-172.191
-172.377
-171.989
-171.36
-172.208
-172.949
-172.8
-173.152
-173.577
-174.192
-174.192
-173.446
-172.907
-171.944
-171.944
-171.724
-172.621
-172.861
-172.995
-173.403
-173.045
-173.284
-172.407
-172.768
-172.768
-172.707
-172.422
-172.422
-172.776
-172.235
-171.737
-170.882
-171.799
-171.007
-171.161
-171.328
-171.244
-171.549
-171.592
-172.217
-172.974
-173.403
-173.712
-173.673
-173.848
-172.956
-172.305
-171.848
-172.67
-173.55
-174.437
-174.962
-174.962
-174.442
-175.368
-176.367
-176.899
-176.463
-177.334
-177.654
-178.442
-178.489
-178.644
-178.644
-178.188
-178.188
-177.752
-177.857
-177.785
-177.785
-178.131
-179
-178.23
-179.005
-179.001
-179.001
-179.132
-178.647
-178.647
-177.971
-178.08
-178.289
-179.206
-179.78
-179.217
-179.976
-179.393
-179.309
-179.417
-180.274
-180.414
-179.838
-180.548
-180.759
-180.608
-180.573
-180.588
-180.317
-179.785
-179.785
-180.461
-181.151
-181.775
-180.9
-180.894
-180.389
-181.325
-182.204
-181.457
-181.907
-182.224
-182.142
-182.671
-183.153
-182.783
-183.078
-183.404
-182.847
-183.058
-182.099
-182.763
-182.682
-182.494
-182.314
-182.861
-182.861
-182.861
-182.861
-182.77
-183.747
-184.343
-184.021
-184.326
-184.804
-183.94
-184.188
-183.854
-183.52
-184.442
-185.132
-185.595
-186.476
-186.476
-185.917
-185.485
-185.485
-185.485
-184.739
-184.739
-183.853
-183.409
-182.531
-182.097
-182.556
-181.932
-182.656
-182.656
-181.96
-181.835
-181.835
-181.997
-182.379
-183.067
-183.685
-183.873
-183.21
-183.1
-183.1
-183.728
-183.942
-183.719
-184.302
-183.728
-183.728
-183.417
-182.525
-183.129
-182.419
-181.911
-181.454
-181.074
-181.061
-180.485
-180.485
-180.404
-180.551
-180.61
-180.585
-179.898
-180.233
-180.367
-180.073
-179.089
-179.005
-178.898
-179.615
-178.916
-178.218
-177.692
-177.082
-176.929
-176.947
-176.583
-175.852
-175.651
-176.439
-176.317
-176.807
-177.406
-177.106
-177.777
-177.762
-177.206
-178.038
-178.146
-178.707
-177.834
-178.308
-179.158
-179.268
-180.012
-179.247
-179.964
-180.877
-180.325
-180.33
-180.013
-180.013
-180.109
-179.839
-179.246
-178.907
-178.907
-178.428
-179.152
-179.164
-179.142
-179.651
-179.651
-179.925
-179.205
-179.473
-179.874
-179.708
-180.163
-180.555
-180.861
-180.61
-181.564
-181.672
-181.701
-181.651
-182.234
-181.7
-182.304
-182.444
-182.551
-183.318
-183.318
-184.223
-184.089
-184.567
-184.537
-185.124
-185.124
-184.956
-185.593
-185.544
-184.891
-185.699
-186.426
-186.96
-186.785
-186.785
-187.517
-187.488
-186.972
-187.272
-187.997
-188.321
-187.408
-187.163
-187.361
-187.361
-186.759
-186.542
-186.26
-187.104
-186.852
-187.594
-186.997
-187.434
-187.066
-187.632
-187.632
-187.031
-187.476
-187.476
-186.591
-187.524
-187.549
-188.281
-188.008
-188.499
-188.499
-189.049
-188.646
-188.263
-188.092
-187.597
-186.757
-186.458
-186.647
-187.158
-187.971
-187.326
-187.998
-188.529
-189.427
-189.752
-189.752
-188.873
-188.869
-188.869
-189.372
-189.722
-189.242
-189.213
-189.562
-189.379
-189.711
-189.545
-189.66
-189.535
-190.411
-190.186
-189.291
-189.373
-189.356
-189.875
-189.875
-190.064
-189.156
-189.595
-190.063
-189.787
-189.995
-189.123
-188.937
-188.379
-187.742
-188.478
-189.136
-188.618
-189.428
-189.428
-188.987
-188.176
-188.671
-188.38
-187.813
-187.836
-188.502
-188.888
-189.34
-189.266
-189.992
-189.992
-190.62
-191.494
-192.063
-192.728
-192.978
-192.161
-191.942
-192.828
-192.563
-192.913
-192.037
-192.71
-193.358
-194.285
-193.96
-193.563
-194.459
-193.484
-193.447
-192.815
-192.815
-193.436
-193.692
-193.632
-192.804
-193.627
-193.61
-194.113
-194.964
-194.68
-195.652
-196.645
-196.111
-195.351
-195.24
-194.718
-194.597
-195.492
-195.345
-194.663
-195.624
-195.431
-195.177
-195.515
-194.931
-195.799
-196.015
-195.845
-195.273
-194.573
-194.391
-194.747
-194.852
-194.852
-194.852
-194.648
-194.648
-194.431
-194.846
-193.955
-193.81
-193.568
-194.236
-194.852
-195.696
-194.719
-194.707
-195.22
-194.897
-194.622
-195.02
-194.593
-194.593
-194.932
-195.156
-194.86
-195.132
-196.055
-195.198
-194.419
-195
-195.438
-195.826
-196.057
-196.057
-195.862
-196.335
-196.335
-196.948
-196.232
-196.872
-197.337
-197.317
-197.613
-197.557
-197.533
-196.584
-196.584
-196.153
-195.824
-194.961
-194.945
-194.501
-194.692
-195.546
-196.416
-197.121
-197.121
-197.408
-197.715
-197.578
-197.578
-198.481
-199.371
-199.605
-199.085
-199.986
-199.986
-199.719
-199.504
-199.504
-199.636
-199.294
-199.282
-199.753
-200.6
-199.825
-200.04
-200.667
-199.925
-200.579
-201.466
-200.925
-200.241
-200.852
-199.913
-200.236
-200.594
-201.461
-201.458
-201.394
-201.394
-201.391
-202.16
-202.258
-202.91
-203.784
-204.076
-204.066
-204.721
-204.293
-203.515
-204.201
-204.858
-204.932
-204.521
-204.062
-204.062
-204.006
-203.974
-203.022
-203.41
-204.144
-203.486
-204.16
-203.777
-203.361
-202.907
-203.885
-204.543
-205.482
-205.928
-205.037
-204.073
-204.073
-203.707
-203.17
-203.174
-203.862
-203.37
-204.29
-203.416
-202.985
-202.155
-202.823
-202.148
-203.027
-203.514
-203.638
-203.841
-204.603
-203.728
-204.641
-204.4
-204.827
-204.98
-205.247
-204.705
-205.029
-205.16
-204.67
-205.549
-205.785
-205.079
-205.677
-205.47
-205.828
-206.439
-206.258
-205.997
-206.314
-205.393
-206.371
-205.976
-206.969
-207.599
-207.999
-208.847
-208.571
-208.115
-208.115
-207.435
-206.716
-206.815
-206.445
-207.043
-207.67
-208.256
-207.555
-207.555
-206.655
-206.213
-206.855
-206.089
-205.282
-204.716
-204.716
-205.517
-206.113
-205.302
-206.256
-207.15
-207.15
-207.157
-207.565
-207.177
-206.312
-205.559
-206.227
-206.015
-206.716
-205.803
-205.959
-206.624
-205.891
-206.477
-207.074
-207.134
-207.134
-206.881
-206.916
-207.331
-208.021
-207.491
-207.491
-207.9
-208.783
-208.741
-208.741
-209.263
-209.969
-210.305
-210.855
-210.841
-210.686
-210.489
-210.262
-210.467
-210.467
-210.157
-209.847
-209.51
-209.137
-209.371
-209.177
-208.978
-208.34
-208.167
-208.06
-208.269
-209.225
-209.014
-209.014
-209.824
-209.803
-210.343
-209.91
-210.322
-210.376
-210.376
-210.332
-210.332
-210.712
-211.223
-211.853
-211.593
-211.585
-211.025
-211.858
-212.501
-211.942
-211.492
-211.912
-211.912
-212.725
-212.448
-211.817
-212.152
-211.452
-211.831
-212.293
-212.785
-212.785
-213.399
-213.297
-213.938
-212.981
-213.1
-214.075
-215.007
-214.666
-214.666
-213.875
-213.303
-214.128
-213.307
-213.307
-213.307
-213.068
-212.861
-213.784
-214.344
-214.753
-215.475
-214.838
-215.078
-214.434
-214.671
-214.768
-214.733
-214.362
-213.733
-213.528
-213.528
-214.365
-214.432
-214.432
-215.072
-214.82
-214.188
-214.018
-213.217
-214.095
-214.779
-214.555
-213.948
-214.179
-214.006
-214.006
-214.103
-214.782
-214.39
-215.205
-214.843
-215.729
-216.023
-216.91
-216.649
-217.558
-217.785
-217.741
-217.762
-218.682
-217.954
-217.954
-217.566
-218.155
-217.802
-217.931
-218.157
-217.994
-217.897
-217.784
-217.123
-217.78
-218.4
-217.749
-218.47
-219.203
-219.675
-219.778
-220.576
-221.047
-221.982
-222.083
-222.851
-222.785
-223.726
-223.726
-224.21
-225.174
-224.416
-224.282
-224.793
-225.285
-225.439
-225.527
-225.165
-224.892
-224.592
-224.511
-224.947
-225.469
-225.396
-225.191
-224.421
-225.152
-224.572
-223.584
-224.579
-225.465
-225.145
-225.366
-225.692
-226.642
-226.734
-226.795
-227.524
-227.717
-228.524
-229.335
-229.233
-228.864
-229.618
-229.068
-229.737
-230.362
-229.814
-230.767
-230.412
-229.836
-229.961
-230.035
-230.367
-229.948
-229.82
-229.969
-230.837
-230.988
-231.41
-232.152
-232.259
-231.884
-231.958
-232.127
-232.076
-231.508
-231.615
-231.654
-232.007
-232.728
-233.626
-233.626
-234.133
-234.049
-234.534
-234.818
-235.814
-236.088
-236.088
-236.35
-236.119
-236.482
-237.054
-237.756
-238.687
-238.63
-238.172
-238.227
-238.436
-237.76
-237.947
-238.35
-238.403
-238.135
-237.49
-236.608
-235.644
-235.278
-235.958
-235.268
-235.466
-234.808
-234.778
-235.422
-234.968
-234.468
-234.7
-235.347
-236.152
-236.445
-237.406
-237.449
-237.373
-236.771
-236.917
-237.012
-237.634
-237.418
-238.159
-237.351
-237.894
-237.894
-237.971
-238.217
-238.447
-239.252
-240.063
-239.681
-239.98
-240.061
-239.683
-240.146
-239.858
-240.34
-241.256
-241.697
-241.764
-241.786
-241.786
-241.786
-241.786
-241.929
-241.929
-242.411
-243.209
-242.91
-243.517
-243.368
-243.453
-243.569
-243.569
-243.569
-242.909
-242.867
-242.2
-243.109
-243.332
-243.06
-242.389
-242.429
-242.947
-242.957
-242.773
-243.038
-242.948
-243.462
-244.116
-244.604
-244.604
-244.46
-245.253
-244.807
-244.777
-244.894
-245.033
-245.148
-245.472
-245.897
-245.897
-245.897
-246.609
-246.609
-245.928
-245.512
-246.123
-246.358
-246.007
-246.917
-247.026
-247.657
-248.57
-249.08
-249.854
-250.629
-250.289
-250.327
-249.869
-250.467
-249.989
-250.862
-250.867
-251.254
-251.254
-251.143
-252.069
-251.12
-250.469
-249.985
-249.649
-249.5
-249.709
-250.334
-250.857
-251.405
-251.405
-251.999
-252.767
-253.219
-253.219
-252.871
-253.118
-253.478
-253.173
-253.514
-253.698
-254.449
-254.449
-253.981
-254.738
-254.738
-254.896
-254.926
-254.926
-254.723
-254.932
-254.932
-255.088
-254.631
-254.685
-255.159
-255.857
-255.902
-255.857
-256.343
-256.343
-256.531
-257.488
-258.451
-258.429
-259.128
-259.582
-259.496
-260.071
-260.071
-260.522
-261.496
-261.496
-261.23
-261.936
-262.234
-262.516
-261.572
-261.466
-262.014
-261.691
-262.03
-262.48
-262.48
-263.198
-263.869
-264.502
-265.189
-266.188
-266.188
-266.885
-266.029
-266.999
-266.999
-267.834
-268.465
-267.486
-267.575
-268.355
-268.208
-267.612
-268.175
-268.787
-269.192
-269.198
-270.051
-269.417
-269.975
-270.062
-270.327
-270.972
-271.455
-271.001
-271.001
-271.335
-271.532
-270.781
-270.988
-271.935
-271.876
-272.195
-272.555
-272.544
-272.623
-271.709
-272.522
-272.5
-272.474
-272.123
-271.409
-270.904
-271.406
-271.117
-271.629
-271.407
-271.407
-271.407
-271.376
-271.368
-270.954
-270.954
-270.954
-271.248
-271.416
-271.816
-272.182
-271.499
-271.445
-271.461
-271.797
-271.389
-271.389
-271.962
-272.389
-273.133
-273.452
-273.142
-273.986
-274.109
-274.467
-274.909
-275.452
-275.15
-275.918
-276.856
-276.525
-277.259
-276.847
-276.797
-277.376
-277.376
-276.947
-276.947
-277.578
-277.161
-277.683
-276.709
-275.945
-275.945
-275.368
-275.827
-276.699
-277.365
-278.154
-277.471
-278.438
-279.377
-279.438
-278.697
-279.319
-279.437
-279.646
-279.809
-279.809
-279.713
-279.64
-279.924
-280.889
-280.85
-279.909
-279.29
-279.515
-279.446
-280.441
-280.034
-279.615
-280.117
-280.98
-281.864
-280.926
-280.081
-280.453
-280.688
-280.663
-280.702
-279.784
-280.516
-279.803
-280.617
-280.41
-280.333
-279.499
-279.564
-280.131
-280.754
-281.583
-280.691
-280.318
-280.318
-280.66
-280.312
-280.46
-279.876
-280.27
-280.169
-280.169
-280.698
-281.172
-281.349
-281.568
-282.288
-282.437
-281.589
-280.806
-280.572
-280.939
-280.044
-280.728
-280.838
-280.743
-280.318
-281.237
-281.119
-281.276
-282.237
-282.384
-281.415
-281.415
-280.79
-280.172
-279.362
-280.092
-279.314
-280.004
-279.932
-279.853
-280.404
-280.704
-281.396
-281.396
-281.656
-281.791
-282.461
-282.515
-282.515
-282.828
-283.104
-282.156
-282.209
-282.209
-282.042
-281.744
-281.341
-281.219
-280.545
-281.079
-281.079
-281.079
-280.934
-281.165
-281.068
-280.64
-281.229
-280.74
-281.067
-280.262
-280.939
-280.838
-280.603
-280.57
-280.154
-280.154
-279.966
-280.952
-280.826
-280.826
-280.714
-281.403
-281.403
-281.929
-282.564
-283.186
-284.038
-284.62
-284.739
-284.514
-284.369
-284.952
-285.332
-285.332
-285.507
-285.518
-286.125
-286.066
-286.947
-286.425
-285.799
-285.58
-286.135
-286.215
-286.159
-286.056
-286.691
-286.342
-286.045
-285.834
-285.405
-286.351
-286.351
-286.654
-286.612
-286.112
-286.529
-287.335
-287.014
-286.634
-287.086
-286.579
-285.982
-285.508
-285.508
-286.304
-286.855
-286.1
-286.1
-285.692
-285.67
-284.983
-284.517
-285.131
-285.443
-286.22
-287.198
-286.33
-286.212
-286.212
-286.7
-286.207
-285.928
-286.728
-287.025
-286.807
-285.835
-284.952
-285.506
-286.371
-287.231
-287.951
-288.626
-288.953
-289.603
-290.223
-291.193
-291.193
-291.193
-291.281
-291.281
-291.773
-292.59
-292.59
-292.85
-292.689
-293.475
-293.748
-294.438
-295.182
-295.316
-295.685
-295.489
-295.36
-294.464
-294.721
-293.888
-293.564
-293.027
-293.692
-292.739
-291.994
-292.957
-292.726
-292.726
-292.825
-293.776
-293.517
-294.026
-293.441
-294.134
-294.646
-295.398
-295.861
-295.861
-295.89
-296.185
-295.2
-295.845
-295.568
-296.35
-296.35
-296.991
-296.231
-296.231
-296.231
-297.156
-297.156
-296.352
-295.557
-295.262
-296.056
-295.567
-296.444
-296.503
-295.793
-295.463
-296.248
-295.994
-295.479
-295.969
-296.839
-296.492
-296.33
-297.106
-296.789
-297.678
-298.569
-298.758
-298.815
-298.424
-297.979
-298.28
-298.576
-298.845
-299.376
-300.181
-300.794
-300.725
-301.079
-301.445
-301.951
-302.719
-302.956
-302.956
-302.72
-303.422
-304.019
-303.782
-303.42
-302.91
-303.657
-303.701
-303.283
-303.283
-303.042
-303.042
-303.727
-304.517
-303.535
-303.851
-303.514
-302.702
-302.084
-302.655
-303.55
-303.713
-303.949
-304.607
-305.155
-304.163
-304.182
-304.285
-304.666
-305.458
-305.479
-305.433
-304.699
-305.115
-304.563
-304.854
-304.665
-304.731
-304.731
-305.03
-304.89
-305.708
-306.588
-306.644
-306.494
-307.358
-307.371
-307.748
-307.004
-307.917
-307.317
-306.977
-307.417
-307.342
-307.945
-308.601
-308.962
-308.259
-308.654
-308.264
-307.809
-307.809
-306.998
-306.094
-305.83
-305.83
-305.034
-305.236
-305.711
-306.418
-305.426
-305.426
-306.155
-305.858
-306.594
-306.261
-306.675
-306.786
-306.448
-306.874
-307.29
-307.36
-307.36
-307.684
-307.94
-307.94
-308.42
-308.42
-308.665
-308.461
-308.801
-308.485
-308.485
-308.485
-308.5
-309.062
-308.779
-308.779
-308.254
-309.175
-309.628
-309.628
-310.29
-310.081
-310.08
-310.876
-310.206
-310.858
-311.819
-311.644
-312.548
-311.925
-311.743
-312.671
-313.313
-312.77
-312.77
-311.999
-311.154
-310.61
-310.127
-310.594
-309.851
-309.901
-310.058
-310.35
-311.069
-311.052
-311.676
-311.529
-311.813
-311.365
-310.693
-310.58
-311.411
-311.411
-311.234
-310.537
-310.69
-310.482
-309.896
-310.293
-310.589
-310.589
-310.255
-309.734
-310.554
-309.602
-309.321
-310.084
-309.781
-309.39
-309.318
-310.167
-310.033
-310.214
-311.049
-311.049
-310.735
-311.417
-312.35
-311.664
-311.377
-310.955
-311.037
-310.961
-311.282
-312.118
-311.871
-310.993
-311.717
-312.555
-313.103
-312.704
-312.683
-312.206
-311.835
-311.497
-311.905
-312.53
-312.385
-313.373
-313.172
-313.058
-313.534
-313.695
-314.182
-313.813
-314.072
-314.461
-314.461
-315.406
-315.271
-315.126
-315.126
-314.19
-313.398
-312.756
-312.756
-312.756
-312.067
-312.759
-313.372
-313.97
-314.947
-315.341
-314.488
-314.964
-315.239
-315.239
-315.33
-315.33
-314.815
-315.629
-315.75
-315.75
-315.466
-316.374
-317.197
-317.051
-316.982
-317.57
-318.138
-318.912
-319.482
-320.421
-320.421
-320.775
-321.112
-320.585
-319.956
-320.171
-320.207
-320.57
-321.542
-322.048
-321.702
-321.912
-320.926
-320.294
-320.305
-320.64
-319.702
-320.478
-320.991
-321.116
-321.243
-320.891
-320.457
-320.45
-319.681
-319.219
-319.474
-320.385
-320.385
-320.542
-321.36
-321.727
-321.958
-321.236
-320.595
-320.517
-319.716
-320.112
-319.167
-318.412
-318.412
-318.412
-318.282
-318.036
-317.312
-316.939
-316.45
-316.003
-316.937
-316.937
-316.91
-317.357
-317.357
-317.46
-318.086
-317.409
-317.409
-317.409
-317.697
-317.787
-317.787
-318.62
-318.62
-319.391
-319.513
-319.361
-318.412
-317.557
-317.125
-317.183
-317.324
-316.887
-316.171
-315.789
-316.546
-315.842
-315.928
-316.045
-315.706
-316.528
-316.528
-317.174
-317.584
-316.702
-317.35
-317.253
-318.234
-318.146
-317.315
-317.941
-318.921
-319.304
-319.045
-318.6
-319.304
-318.893
-319.779
-320.242
-319.435
-319.729
-319.717
-319.717
-319.987
-320.514
-320.723
-320.747
-321.023
-321.491
-321.491
-321.656
-322.644
-322.468
-322.29
-321.963
-321.713
-322.67
-322.67
-322.256
-322.77
-322.77
-322.77
-323.257
-323.187
-323.187
-324.066
-324.914
-325.042
-325.595
-325.316
-325.316
-325.515
-326.164
-326.95
-327.234
-327.234
-327.234
-326.343
-326.979
-326.7
-326.261
-326.771
-326.837
-327.43
-327.43
-327.703
-328.226
-328.897
-328.334
-328.056
-327.767
-328.486
-328.121
-327.58
-327.58
-327.208
-326.957
-327.74
-327.018
-327.558
-328.226
-327.693
-326.748
-326.978
-327.521
-328.217
-328.657
-328.657
-328.394
-328.875
-329.054
-328.772
-329.086
-329.086
-328.185
-328.783
-329.497
-330.297
-330.457
-329.935
-329.285
-329.611
-330.359
-330.366
-330.686
-330.686
-330.678
-329.888
-330.263
-331.22
-331.22
-331.22
-331.915
-332.179
-332.743
-332.572
-332.344
-332.298
-331.333
-331.876
-332.873
-331.952
-332.913
-332.636
-332.848
-332.621
-331.664
-331.733
-332.352
-332.509
-333.201
-333.678
-334.661
-335.166
-335.629
-336.152
-336.236
-335.911
-336.686
-336.385
-336.198
-336.716
-336.819
-336.819
-336.819
-337.516
-337.605
-337.638
-337.638
-338.524
-339.376
-339.726
-338.863
-338.81
-339.765
-338.779
-339.062
-339.143
-339.143
-339.602
-339.865
-340.296
-340.296
-340.142
-340.142
-341.089
-341.901
-342.349
-341.957
-341.577
-342.218
-342.973
-342.101
-342.101
-341.304
-341.652
-341.368
-341.829
-341.301
-341.304
-341.104
-341.104
-340.22
-341.008
-341.62
-341.561
-341.561
-340.757
-341.148
-341.626
-342.464
-343.003
-342.88
-342.339
-342.208
-341.217
-340.737
-340.618
-340.941
-340.759
-341.586
-342.322
-342.176
-343.104
-343.782
-343.782
-343.664
-344.415
-344.773
-345.282
-344.93
-345.075
-345.398
-344.98
-344.612
-344.455
-343.948
-344.711
-344.711
-344.908
-344.937
-344.288
-344.288
-345.128
-344.329
-345.056
-344.613
-344.121
-345.105
-345.526
-345.515
-345.342
-344.882
-345.26
-344.604
-344.604
-345.271
-345.271
-344.631
-344.582
-344.258
-344.968
-344.968
-345.699
-346.669
-347.451
-347.881
-348.506
-348.335
-347.828
-348.287
-348.053
-348.668
-347.942
-347.592
-347.173
-346.888
-347.661
-347.298
-346.677
-346.799
-346.799
-347.459
-347.103
-346.617
-346.47
-345.502
-345.502
-344.68
-344.384
-344.366
-344.366
-345.317
-346.315
-346.315
-346.342
-346.028
-346.239
-347.135
-347.071
-347.071
-347.679
-348.609
-349.077
-348.368
-348.843
-348.028
-348.138
-348.512
-348.603
-347.851
-347.851
-347.577
-347.309
-347.232
-347.951
-348.047
-348.244
-347.899
-348.018
-347.751
-348.455
-348.431
-348.878
-348.492
-348.526
-348.422
-348.334
-348.235
-348.264
-348.681
-349.01
-348.627
-348.152
-348.152
-348.34
-348.554
-348.354
-348.871
-348.705
-349.539
-349.539
-350.427
-351
-351.601
-351.823
-352.319
-352.917
-352.232
-352.232
-352.328
-352.962
-353.284
-354.154
-353.874
-353.045
-353.279
-352.629
-353.112
-352.113
-351.573
-351.112
-351.629
-351.296
-351.296
-350.916
-351.34
-351.464
-350.812
-350.812
-350.102
-350.767
-350.956
-351.211
-350.578
-351.363
-351.594
-352.532
-352.649
-352.876
-353.37
-353.37
-353.576
-353.553
-353.513
-354.21
-353.717
-354.137
-355.127
-354.142
-354.109
-353.379
-352.41
-352.687
-353.181
-353.367
-353.403
-354.162
-354.897
-355.183
-355.949
-355.566
-355.323
-356.264
-355.47
-354.49
-354.747
-354.136
-355.086
-355.123
-356.055
-356.825
-357.18
-357.335
-357.335
-356.554
-357.279
-357.313
-358.116
-358.69
-358.354
-359.134
-358.193
-358.372
-358.405
-359.011
-359.574
-359.574
-359.27
-358.602
-358.615
-359.112
-359.551
-360.158
-359.951
-360.826
-360.875
-360.086
-360.086
-361.062
-361.062
-361.173
-361.553
-361.553
-362.181
-362.181
-361.328
-361.384
-360.69
-359.984
-359.984
-360.893
-360.893
-361.629
-361.606
-361.898
-361.952
-361.759
-362.247
-362.674
-362.363
-362.141
-362.259
-363.144
-362.682
-362.682
-362.088
-361.568
-361.09
-361.09
-361.649
-362.015
-362.795
-362.821
-362.821
-362.502
-361.657
-361.657
-362.624
-362.624
-362.674
-362.846
-362.609
-362.896
-363.168
-363.168
-363.168
-363.572
-363.341
-363.01
-362.74
-361.762
-361.685
-361.301
-361.134
-361.025
-361.025
-361.224
-361.976
-360.99
-360.78
-360.937
-360.918
-360.403
-359.749
-360.016
-359.277
-359.018
-359.522
-359.633
-360.217
-359.611
-359.11
-358.977
-359.595
-358.937
-359.537
-359.252
-359.606
-359.769
-359.132
-358.715
-358.715
-358.715
-358.715
-358.687
-358.129
-357.886
-358.809
-359.433
-359.083
-359.99
-360.612
-360.281
-360.281
-360.015
-360.769
-360.549
-359.604
-359.822
-359.89
-359.533
-359.127
-359.257
-359.702
-360.494
-360.888
-361.051
-361.149
-360.659
-360.715
-360.906
-361.353
-361.353
-361.137
-360.497
-361.302
-360.915
-361.719
-361.247
-361.422
-362.108
-362.704
-362.704
-362.704
-363.133
-364.088
-363.948
-364.594
-364.904
-365.389
-365.396
-365.076
-364.249
-364.249
-365.176
-364.643
-364.643
-364.541
-364.541
-365.317
-366.163
-366.134
-366.134
-366.134
-366.322
-366.542
-366.883
-367.276
-367.747
-368.68
-368.23
-368.104
-369.104
-368.376
-367.865
-368.805
-369.553
-370.319
-370.319
-370.35
-370.597
-370.597
-371.173
-371.889
-372.772
-373.394
-373.706
-373.686
-374.558
-374.752
-374.103
-373.738
-373.568
-373.402
-373.059
-373.755
-374.249
-374.245
-374.886
-375.203
-375.879
-375.879
-375.349
-374.435
-374.435
-375
-375
-374.049
-374.488
-374.684
-373.919
-373.878
-373.844
-373.844
-373.13
-373.832
-374.815
-374.582
-374.007
-374.785
-374.176
-374.546
-374.546
-373.697
-374.028
-374.616
-373.942
-374.447
-375.211
-374.821
-374.466
-374.721
-373.805
-373.065
-372.795
-372.14
-373.053
-373.133
-373.381
-373.315
-373.534
-372.682
-373.27
-373.27
-373.937
-374.09
-374.283
-373.709
-373.692
-373.692
-372.953
-373.034
-372.836
-373.635
-373.871
-373.13
-372.271
-372.856
-373.324
-373.324
-373.324
-372.906
-373.067
-372.072
-372.072
-372.501
-373.07
-373.514
-372.731
-372.731
-371.784
-371.784
-372.4
-372.249
-372.524
-372.901
-373.622
-373.005
-373.37
-373.909
-374.386
-374.386
-373.81
-373.81
-374.665
-374.567
-373.739
-374.573
-375.196
-375.196
-376.125
-375.657
-375.604
-375.604
-376.074
-375.924
-375.159
-375.122
-375.641
-375.369
-374.982
-374.982
-375.873
-375.398
-375.767
-376.063
-376.452
-376.651
-376.16
-375.842
-375.529
-376.2
-376.619
-377.614
-377.988
-378.964
-379.282
-379.7
-380.075
-380.749
-381.62
-382.085
-381.852
-381.852
-381.809
-381.944
-381.834
-381.247
-381.33
-382.107
-382.51
-383.405
-382.898
-383.417
-383.034
-382.982
-383.32
-382.532
-381.643
-381.643
-382.406
-382.738
-382.913
-382.942
-382.848
-383.167
-382.339
-381.874
-381.068
-380.226
-379.551
-379.53
-379.53
-380.436
-380.436
-380.548
-381.354
-380.48
-380.319
-380.333
-381.236
-381.136
-381.967
-382.255
-382.153
-382.417
-382.167
-381.708
-382.613
-383.109
-382.19
-382.992
-382.401
-383.087
-383.877
-384.386
-384.386
-384.386
-385.116
-385.116
-384.553
-384.831
-385.268
-385.608
-385.715
-386.324
-386.441
-386.555
-387.485
-387.555
-387.949
-387.949
-388.568
-389.11
-388.315
-389.001
-390.001
-390.976
-390.879
-391.306
-392.183
-391.353
-390.628
-391.377
-391.287
-391.287
-391.028
-390.332
-390.11
-390.973
-391.532
-391.791
-390.963
-390.997
-391.253
-391.253
-391.563
-392.05
-392.972
-392.645
-392.424
-392.424
-392.773
-393.517
-393.075
-392.754
-392.963
-393.568
-392.62
-392.963
-392.963
-392.11
-392.003
-392.843
-393.217
-393.217
-393.324
-392.427
-392.724
-392.736
-392.736
-392.535
-392.535
-393.19
-392.594
-391.647
-391.784
-392.706
-393.228
-393.228
-393.228
-393.505
-393.505
-393.505
-394.286
-394.505
-394.983
-394.106
-393.918
-393.006
-393.875
-393.875
-394.196
-393.6
-393.926
-394.562
-394.203
-393.267
-393.824
-393.553
-393.658
-393.658
-393.658
-393.745
-393.745
-393.745
-393.987
-394.081
-394.513
-393.614
-393.906
-393.606
-393.743
-394.709
-394.32
-394.566
-394.67
-395.307
-394.404
-394.504
-395.268
-395.273
-395.059
-394.947
-395.157
-395.442
-396.135
-395.803
-395.093
-395.079
-394.462
-394.92
-394.911
-395.623
-396.558
-396.529
-396.013
-396.823
-397.438
-397.438
-397.613
-398.331
-397.656
-397.402
-398.346
-398.588
-399.01
-399.467
-400.103
-400.77
-400.893
-400.221
-399.815
-399.659
-398.785
-398.349
-399.091
-399.092
-399.64
-400.62
-400.982
-401.057
-401.665
-401.997
-402.273
-403.156
-402.953
-402.986
-402.661
-403.03
-402.515
-402.515
-402.787
-402.323
-402.454
-401.744
-402.603
-402.603
-402.899
-402.067
-402.722
-403.042
-403.826
-404.415
-403.525
-402.531
-401.702
-402.121
-401.165
-401.165
-402.065
-403.061
-403.159
-403.199
-403.201
-403.496
-404.082
-404.117
-403.403
-403.931
-403.789
-403.164
-403.733
-403.67
-403.846
-402.947
-403.136
-402.972
-402.972
-402.905
-402.564
-402.328
-402.288
-402.096
-401.951
-401.76
-402.155
-402.758
-402.382
-403.224
-403.675
-403.675
-403.78
-404.256
-405.063
-404.739
-405.156
-404.24
-404.24
-405.137
-405.818
-406.015
-406.864
-406.552
-407.101
-406.105
-406.192
-406.192
-405.781
-405.293
-405.293
-406.265
-406.27
-405.451
-406.385
-406.283
-406.471
-406.104
-406.41
-407.158
-407.158
-407.158
-407.598
-407.037
-407.037
-408.001
-408.248
-408.269
-408.908
-409.525
-409.191
-409.931
-409.848
-410.453
-409.751
-409.876
-410.672
-411.26
-411.884
-411.84
-412.034
-411.298
-410.756
-410.945
-411.438
-410.478
-409.582
-409.354
-410.097
-409.598
-410.07
-410.426
-411.413
-411.783
-411.855
-411.492
-410.691
-411.428
-410.923
-409.96
-409.68
-410.561
-410.064
-411.058
-410.42
-410.383
-410.819
-410.837
-411.418
-410.691
-410.71
-409.797
-410.093
-410.66
-410.769
-411.493
-411.525
-411.817
-411.016
-411.399
-411.515
-410.74
-410.529
-410.964
-410.584
-410.584
-411.505
-411.669
-412.374
-412.638
-412.952
-413.724
-414.552
-414.875
-414.494
-414.846
-413.942
-414.393
-414.72
-414.971
-414.768
-414.888
-415.688
-415.688
-416.451
-417.069
-417.868
-418.07
-418.951
-418.302
-419.014
-419.014
-418.583
-418.645
-419.071
-419.949
-419.949
-419.571
-419.086
-419.421
-420.031
-419.179
-419.216
-419.251
-419.832
-419.568
-419.387
-418.762
-418.456
-417.506
-417.121
-416.924
-416.096
-416.531
-416.506
-416.506
-417.205
-417.205
-417.205
-416.363
-416.093
-415.829
-416.792
-415.926
-415.926
-415.926
-415.24
-416.007
-415.084
-415.615
-415.615
-416.328
-415.425
-416.011
-415.942
-416.505
-416.399
-416.048
-415.624
-416.229
-416.729
-416.592
-417.361
-417.166
-417.151
-417.151
-417.87
-417.671
-418.268
-418.359
-419.226
-420.177
-420.48
-419.688
-419.342
-418.598
-418.36
-418.664
-417.814
-417.974
-418.239
-419.058
-418.966
-419.808
-420.439
-419.749
-418.824
-419.519
-419.839
-419.053
-419.392
-419.559
-419.559
-419.502
-420.339
-419.405
-418.693
-419.663
-419.227
-420.08
-421.072
-421.417
-421.662
-420.85
-420.294
-420.703
-421.639
-421.639
-422.253
-422.403
-423.294
-422.681
-422.525
-422.35
-422.787
-423.264
-423.622
-422.669
-422.4
-422.936
-422.826
-423.424
-422.773
-423.651
-423.81
-424.432
-424.432
-423.568
-424.185
-424.06
-423.134
-423.19
-423.808
-423.723
-424.13
-424.772
-425.479
-425.479
-426.443
-426.369
-426.702
-427.342
-427.097
-426.947
-426.654
-426.654
-426.191
-426.512
-426.521
-425.991
-426.206
-426.838
-427.295
-428.163
-429.106
-429.965
-429.04
-429.371
-429.135
-429.976
-430.188
-430.188
-430.229
-430.931
-430.987
-430.13
-430.501
-430.173
-430.173
-429.48
-430.442
-429.68
-429.68
-430.593
-431.313
-431.623
-432.492
-431.746
-431.272
-431.523
-431.523
-432.163
-431.439
-431.575
-432.112
-431.495
-431.495
-431.128
-430.516
-431.451
-430.775
-431.104
-431.839
-431.839
-431.002
-431.19
-432.088
-432.891
-431.974
-432.119
-432.119
-431.562
-431.562
-432.154
-432.973
-432.485
-432.001
-432.691
-433.63
-433.928
-433.71
-432.766
-433.645
-434.612
-434.576
-435.056
-434.705
-435.386
-434.482
-434.482
-435.474
-435.022
-434.221
-434.839
-435.32
-435.293
-435.528
-435.528
-435.922
-435.725
-434.765
-435.618
-436.521
-436.483
-436.439
-436.425
-435.62
-435.578
-434.711
-434.074
-433.157
-433.984
-433.67
-433.67
-434.305
-434.962
-433.967
-434.514
-434.674
-435.541
-436.162
-436.009
-435.74
-435.609
-434.64
-435.279
-435.381
-436.068
-436.901
-437.102
-436.709
-437.093
-436.508
-436.941
-437.118
-437.113
-436.39
-437.292
-437.506
-437.338
-437.145
-437.097
-437.589
-438.29
-438.29
-438.179
-437.881
-438.544
-438.217
-437.554
-438.178
-437.679
-437.465
-437.465
-437.637
-436.642
-436.642
-436.42
-437.24
-437.86
-438.355
-439.252
-439.252
-440.076
-440.753
-440.543
-441.296
-442.178
-442.178
-442.845
-443.79
-443.79
-444.319
-443.941
-444.287
-445.112
-445.185
-445.821
-445.821
-445.821
-445.985
-446.122
-446.748
-447.74
-448.322
-448.781
-448.674
-448.466
-447.68
-447.609
-447.751
-447.858
-448.275
-448.275
-448.217
-447.854
-448.571
-448.586
-448.586
-447.903
-448.516
-448.831
-448.744
-448.167
-448.204
-449.082
-448.366
-448.53
-449.267
-448.925
-449.131
-448.516
-447.985
-448.18
-447.302
-447.302
-446.769
-446.637
-445.89
-446.521
-446.685
-446.685
-445.766
-445.634
-446.258
-445.646
-446.3
-445.576
-446.046
-445.849
-446.553
-446.538
-446.027
-445.966
-446.601
-445.87
-445.87
-446.724
-447.098
-447.351
-447.13
-447.911
-447.961
-447.266
-448.012
-447.9
-448.182
-448.182
-448.182
-447.98
-448.66
-449.464
-448.732
-448.845
-449.717
-448.977
-449.647
-448.659
-447.73
-447.065
-446.1
-446.477
-446.231
-446.231
-447.086
-446.637
-447.279
-446.731
-446.731
-446.847
-446.847
-446.847
-445.963
-446.597
-446.919
-447.275
-447.471
-446.859
-447.689
-448.192
-448.179
-448.814
-448.814
-448.124
-448.594
-448.44
-447.625
-447.671
-447.484
-447.248
-447.39
-447.39
-447.695
-447.601
-447.74
-446.781
-447.432
-447.432
-447.444
-447.924
-447.751
-448.699
-448.387
-447.651
-447.425
-448.307
-448.307
-448.305
-447.735
-448.573
-449.462
-450.45
-451.093
-450.122
-450.057
-449.24
-448.755
-449.339
-449.186
-448.843
-449.551
-448.805
-448.805
-449.284
-449.284
-448.707
-448.797
-448.797
-449.724
-449.741
-449.141
-450.011
-449.76
-448.917
-448.784
-448.526
-448.526
-448.486
-447.6
-447.242
-446.592
-446.61
-446.931
-447.574
-448.112
-447.621
-447.075
-446.396
-447.103
-447.006
-447.06
-447.019
-447.606
-448.154
-448.065
-448.32
-449.028
-449.275
-449.275
-449.379
-449.283
-448.485
-448.049
-448.783
-449.084
-448.44
-448.983
-448.59
-449.43
-449.734
-450.579
-450.689
-450.689
-450.206
-450.773
-450.878
-450.478
-450.061
-449.539
-449.539
-448.681
-448.34
-447.43
-446.944
-446.889
-446.028
-445.855
-446.589
-446.769
-447.672
-446.989
-446.565
-446.103
-445.354
-445.751
-446.599
-446.268
-446.04
-445.945
-445.405
-444.693
-443.779
-443.779
-444.359
-443.377
-443.377
-443.37
-443.949
-443.528
-443.877
-444.324
-445.095
-445.564
-446.084
-446.631
-446.631
-447.364
-446.795
-447.442
-447.163
-447.943
-447.943
-446.974
-446.929
-447.508
-446.634
-446.091
-446.091
-446.865
-447.395
-447.267
-446.323
-445.832
-446.275
-447.203
-446.238
-447.099
-446.482
-447.207
-446.434
-447.297
-447.897
-447.938
-448.575
-448.709
-448.726
-448.762
-448.941
-448.971
-449.7
-449.763
-450.634
-450.827
-450.686
-451.56
-451.301
-451.301
-451.655
-451.646
-451.646
-451.918
-451.918
-451.471
-451.791
-451.422
-450.632
-450.965
-451.187
-451.004
-451.502
-450.502
-450.552
-451.337
-451.772
-452.734
-452.766
-452.889
-452.98
-453.386
-452.653
-452.653
-453.363
-453.646
-453.646
-453.779
-454.295
-454.401
-454.937
-455.644
-456.026
-456.499
-455.534
-454.58
-454.58
-454.797
-454.654
-454.658
-454.814
-455.813
-455.813
-455.635
-455.899
-454.9
-455.182
-454.619
-454.983
-455.191
-455.191
-454.409
-454.539
-455.003
-455.588
-456.371
-456.783
-456.963
-456.963
-456.429
-456.487
-456.655
-455.834
-455.639
-455.074
-454.697
-455.591
-455.801
-456.65
-456.41
-457.375
-457.022
-457.734
-456.765
-456.765
-457.594
-456.954
-457.153
-457.432
-458.411
-458.324
-458.324
-458.51
-459.25
-458.775
-457.961
-458.588
-458.842
-459.561
-460.506
-460.232
-461.062
-460.4
-460.175
-459.563
-460.514
-461.384
-462.332
-461.871
-462.477
-463.084
-463.755
-462.91
-463.082
-462.287
-463.284
-463.261
-463.261
-463.261
-463.462
-464.366
-464.813
-464.552
-463.9
-464.361
-464.159
-463.864
-463.304
-462.973
-463.11
-463.447
-462.691
-462.701
-463.465
-462.897
-462.402
-463.298
-463.298
-463.298
-464.056
-464.4
-464.197
-464.197
-463.695
-463.695
-462.921
-463.513
-464.34
-464.34
-463.875
-464.433
-463.515
-463.935
-464.006
-463.234
-462.485
-461.938
-461.976
-461.664
-461.664
-462.194
-463.17
-462.45
-462.325
-462.777
-462.099
-461.162
-461.057
-461.146
-461.692
-462.339
-462.047
-462.927
-463.499
-463.851
-463.666
-463.106
-463.106
-462.797
-463.017
-462.198
-462.329
-463.163
-463.163
-464.038
-463.111
-462.723
-463.28
-463.797
-463.687
-463.687
-463.935
-464.762
-464.831
-464.684
-464.598
-464.605
-464.605
-464.605
-464.605
-464.757
-465.53
-465.129
-464.948
-464.942
-465.884
-465.655
-466.346
-466.566
-467.35
-467.262
-467.811
-468.575
-468.338
-468.964
-469.674
-469.666
-470.66
-471.225
-470.677
-470.312
-470.631
-471.465
-471.895
-472.652
-472.294
-471.423
-471.804
-472.687
-473.071
-473.071
-472.704
-473.399
-472.632
-472
-471.01
-471.396
-471.396
-470.814
-471.468
-472.446
-473.116
-472.607
-472.87
-473.32
-473.432
-474.38
-474.435
-474.994
-475.482
-475.805
-475.401
-475.144
-475.209
-476.079
-475.412
-475.752
-476.297
-477.239
-476.62
-477.367
-477.578
-478.455
-478.118
-479.02
-478.058
-478.911
-478.038
-478.718
-477.81
-477.81
-477.81
-477.284
-477.284
-476.51
-476.301
-475.604
-475.22
-475.22
-475.879
-475.879
-475.879
-475.161
-475.064
-475.617
-476.019
-476.063
-476.063
-476.261
-476.261
-475.619
-476.387
-476.808
-475.863
-476.328
-476.728
-476.895
-476.097
-475.823
-475.297
-475.297
-475.277
-476.098
-475.651
-475.908
-476.169
-475.87
-475.821
-476.025
-476.879
-476.879
-477.471
-476.814
-476.609
-475.719
-475.541
-475.423
-474.802
-475.785
-475.024
-474.837
-474.29
-473.954
-474.252
-474.252
-474.252
-474.821
-474.862
-475.093
-475.295
-474.594
-474.433
-474.517
-473.686
-473.686
-473.686
-474.365
-474.171
-474.195
-474.043
-474.851
-474.263
-474.195
-474.145
-474.097
-474.917
-474.269
-474.384
-474.863
-474.431
-475.099
-475.751
-475.04
-475.466
-476.317
-476.317
-477.288
-477.86
-477.46
-478.249
-479.071
-478.099
-478.979
-478.006
-477.776
-477.021
-477.021
-477.021
-477.435
-477.359
-477.42
-477.703
-477.691
-477.951
-478.574
-478.269
-478.34
-478.306
-477.845
-476.981
-477.33
-476.647
-477.128
-476.667
-477.286
-477.825
-477.415
-477.145
-476.733
-477.385
-476.937
-476.386
-477.179
-477.179
-476.806
-477.69
-477.69
-477.194
-477.414
-477.694
-478.158
-478.363
-478.529
-479.184
-478.977
-478.601
-479.578
-479.572
-479.572
-479.722
-480.52
-481.127
-481.708
-481.199
-480.953
-481.476
-481.921
-481.921
-481.644
-481.644
-481.036
-481.348
-481.348
-480.862
-481.623
-481.225
-481.225
-481.059
-481.247
-481.693
-481.946
-481.385
-481.065
-481.761
-482.171
-481.536
-482.433
-482.79
-482.412
-482.478
-481.965
-481.741
-482.693
-483.599
-484.272
-483.999
-484.805
-484.587
-484.915
-484.265
-484.265
-484.345
-483.353
-483.18
-483.319
-484.082
-484.082
-484.565
-484.717
-484.616
-485.24
-485.016
-485.016
-485.493
-486.262
-486.593
-485.914
-485.636
-485.187
-486.001
-486.001
-485.521
-485.753
-485.795
-485.795
-485.635
-484.991
-485.169
-484.663
-484.663
-485.167
-485.567
-486.324
-487.273
-487.196
-486.921
-487.886
-488.233
-488.542
-488.621
-487.844
-487.083
-487.809
-487.718
-487.902
-488.311
-488.125
-488.993
-489.102
-488.45
-488.477
-487.705
-487.705
-486.904
-487.568
-487.316
-487.205
-488.128
-489.055
-489.816
-489.816
-490.239
-489.391
-488.556
-488.07
-488.104
-488.794
-489.702
-489.136
-489.136
-489.828
-490.219
-490.478
-490.65
-489.939
-490.892
-490.737
-491.644
-490.927
-491.253
-491.657
-490.734
-491.316
-490.892
-490.892
-490.412
-489.548
-489.161
-489.953
-489.953
-489.953
-489.86
-490.519
-489.916
-489.916
-489.916
-490.757
-491.469
-492.097
-492.371
-493.132
-493.132
-493.587
-493.587
-493.626
-494.331
-493.549
-492.77
-491.901
-491.179
-491.723
-491.642
-491.126
-490.493
-491.393
-492.349
-492.961
-493.28
-492.73
-492.811
-492.352
-492.673
-492.847
-493.655
-494.088
-493.852
-494.229
-495.166
-495.166
-494.66
-493.682
-493.524
-494.29
-494.468
-493.583
-494.236
-494.071
-493.641
-494.247
-493.47
-492.82
-493.739
-493.618
-494.108
-494.108
-494.307
-493.351
-493.813
-494.269
-494.455
-495.203
-495.835
-496.411
-496.138
-496.322
-495.486
-495.517
-496.256
-495.654
-495.271
-495.679
-495.36
-495.187
-495.187
-495.48
-495.809
-495.095
-495.361
-495.14
-495.885
-495.201
-495.201
-495.807
-495.097
-495.096
-495.548
-494.811
-495.291
-495.201
-494.757
-495.691
-495.005
-495.905
-496.5
-496.5
-497.024
-497.923
-498.357
-498.022
-498.915
-499.719
-499.719
-499.852
-500.369
-500.238
-500.733
-499.861
-500.27
-500.087
-499.632
-500.341
-499.828
-498.876
-498.812
-498.417
-497.795
-496.85
-496.85
-497.713
-498.667
-497.843
-497.779
-497.899
-497.739
-497.132
-496.585
-496.585
-496.048
-495.865
-496.445
-496.295
-495.67
-495.611
-496.183
-497.05
-496.893
-497.435
-497.759
-497.183
-497.929
-498.356
-498.356
-497.889
-497.754
-498.677
-498.314
-499.249
-499.919
-499.919
-500.055
-500.071
-500.67
-501.425
-502.343
-503.315
-502.997
-502.997
-503.659
-503.252
-503.435
-502.885
-503.205
-503.66
-504.279
-504.279
-504.435
-503.593
-503.846
-502.86
-503.449
-504.064
-504.749
-504.601
-504.984
-505.07
-505.07
-505.626
-505.169
-505.048
-504.657
-505.024
-505.956
-505.194
-505.731
-505.476
-505.775
-505.781
-505.665
-504.924
-505.878
-506.04
-506.023
-506.182
-507.05
-506.294
-506.867
-506.548
-506.948
-506.996
-507.743
-508.669
-508.921
-508.761
-508.44
-508.44
-508.051
-508.051
-507.55
-508.181
-507.803
-508.498
-508.069
-508.324
-507.962
-507.551
-506.985
-507.866
-508.604
-508.068
-507.527
-508.213
-507.364
-507.894
-508.004
-508.476
-507.672
-507.589
-507.998
-508.648
-507.958
-507.009
-506.893
-507.485
-507.122
-506.982
-506.982
-507.455
-507.455
-507.447
-507.138
-508.119
-507.647
-508.062
-508.389
-509.259
-509.29
-509.698
-510.106
-510.588
-510.215
-511.199
-510.925
-511.763
-512.238
-512.556
-512.088
-513.005
-513.77
-513.437
-513.172
-513.287
-512.954
-512.59
-513.029
-513.733
-513.78
-514.261
-514.511
-514.955
-514.955
-515.315
-516.262
-516.422
-515.519
-515.665
-514.673
-514.673
-515.239
-515.781
-515.781
-515.692
-516.153
-516.921
-517.081
-517.081
-517.441
-517.574
-517.792
-517.138
-516.923
-517.134
-517.134
-516.312
-516.312
-516.525
-516.525
-516.525
-517.413
-516.886
-516.991
-516.55
-516.537
-517.239
-518.051
-518.571
-518.921
-518.778
-519.356
-518.913
-519.728
-518.809
-518.037
-518.554
-518.27
-518.526
-518.251
-517.613
-517.37
-517.551
-517.475
-517.232
-518.192
-518.535
-518.535
-518.321
-517.651
-518.26
-518.662
-518.276
-518.572
-519.559
-519.819
-520.011
-520.283
-521.129
-521.444
-522.235
-523.219
-523.897
-523.691
-524.028
-524.028
-523.616
-524.315
-524.405
-523.622
-523.915
-523.635
-522.903
-522.856
-523.229
-523.689
-524.317
-525.051
-525.03
-525.997
-525.988
-525.728
-525.785
-525.785
-525.766
-525.022
-524.5
-524.092
-524.153
-524.173
-524.36
-524.357
-524.511
-524.511
-525.205
-525.884
-525.884
-525.316
-525.151
-524.95
-525.766
-525.78
-526.58
-526.702
-525.944
-526.819
-526.75
-526.231
-526.967
-527.008
-526.705
-526.508
-527.225
-527.901
-528.575
-529.07
-528.907
-528.134
-527.259
-526.395
-527.262
-528.202
-528.202
-527.647
-527.46
-526.543
-526.784
-526.265
-526.417
-525.857
-524.887
-524.85
-525.569
-525.325
-525.268
-524.693
-525.503
-526.407
-526.902
-526.663
-527.147
-527.701
-527.488
-527.892
-527.914
-526.986
-527.432
-527.513
-527.281
-526.544
-527.294
-526.975
-527.407
-527.819
-527.362
-527.676
-527.757
-528.587
-529.284
-528.434
-528.174
-527.987
-528.542
-528.541
-529.163
-528.723
-529.527
-529.511
-530.012
-530.193
-530.927
-530.897
-531.634
-532.064
-532.857
-533.44
-534.296
-534.296
-534.003
-533.889
-534.331
-534.971
-535.209
-536.065
-536.406
-536.95
-536.871
-537.733
-538.681
-538.696
-539.48
-539.48
-539.943
-540.673
-540.87
-540.87
-541.462
-541.851
-541.401
-542.256
-542.256
-541.681
-542.129
-543.09
-543.09
-542.65
-542.209
-541.324
-541.662
-542.283
-541.409
-541.916
-542.729
-543.703
-544.159
-543.89
-542.962
-543.702
-544.137
-544.113
-544.274
-543.985
-544.339
-543.997
-544.83
-544.434
-544.31
-544.028
-544.028
-544.947
-544.052
-544.19
-543.407
-543.643
-543.825
-543.365
-543.28
-543.597
-544.372
-545.319
-545.823
-546.65
-545.838
-545.829
-545.648
-545.498
-546.17
-547.068
-547.715
-547.467
-548.163
-548.868
-549.666
-548.819
-548.513
-548.513
-548.995
-549.002
-549.885
-549.922
-550.357
-551.279
-551.593
-552.412
-552.726
-553.638
-553.965
-553.716
-552.984
-552.788
-552.806
-552.73
-553.314
-553.785
-553.785
-553.777
-553.36
-553.297
-552.779
-552.849
-553.608
-552.856
-553.384
-552.668
-553.016
-552.763
-553.075
-553.022
-553.196
-553.309
-553.921
-553.723
-553.456
-553.582
-554.204
-554.313
-554.271
-554.024
-553.755
-553.41
-553.54
-553.141
-553.442
-554.439
-555.196
-554.482
-554.125
-553.541
-553.658
-553.658
-553.658
-552.827
-553.246
-554.112
-554.444
-554.444
-553.724
-554.286
-554.286
-554.494
-553.815
-554.446
-555.232
-555
-554.345
-554.944
-555.181
-555.472
-555.994
-555.872
-555.679
-555.286
-555.809
-554.825
-554.942
-554.884
-554.303
-554.121
-554.542
-554.127
-554.127
-553.245
-553.131
-554.053
-553.144
-553.923
-554.857
-554.416
-553.544
-552.873
-553.679
-554.462
-555.457
-555.696
-555.696
-556.683
-557.519
-558.134
-557.936
-556.994
-557.212
-556.743
-556.88
-556.919
-556.302
-556.128
-557.111
-557.694
-557.639
-558.252
-558.326
-559.214
-558.896
-558.999
-559.559
-560.508
-559.836
-559.594
-560.542
-560.477
-560.537
-561.477
-561.456
-562.024
-562.462
-562.987
-563.928
-563.146
-562.368
-562.4
-561.967
-561.967
-561.447
-561.339
-560.923
-561.658
-561.539
-562.076
-562.561
-562.06
-563.013
-563.917
-564.818
-565.749
-565.749
-566.585
-566.909
-566.263
-567.181
-567.903
-567.541
-567.623
-567.581
-567.024
-566.134
-567.019
-567.019
-567.435
-567.435
-568.266
-568.189
-568.189
-568.241
-568.959
-569.816
-570.207
-571.102
-570.714
-570.967
-571.087
-571.91
-572.16
-572.227
-573.025
-572.43
-572.627
-572.123
-572.898
-573.583
-573.405
-573.923
-573.733
-573.733
-573.852
-574.847
-574.394
-574.648
-574.103
-574.169
-574.286
-574.286
-574.497
-574.497
-573.643
-573.871
-573.997
-574.395
-573.909
-574.72
-574.72
-574.846
-574.846
-575.704
-575.704
-575.704
-576.662
-576.946
-576.946
-577.131
-577.841
-577.331
-577.537
-578.327
-579.264
-580.207
-579.239
-578.946
-578.557
-579.518
-579.384
-578.615
-579.161
-579.57
-580.231
-580.404
-580.227
-580.227
-580.56
-581.1
-580.219
-579.892
-579.892
-580.233
-579.361
-579.014
-579.182
-578.412
-578.202
-578.114
-577.244
-576.855
-577.232
-577.581
-578.202
-578.202
-578.053
-578.075
-578.273
-578.844
-578.996
-578.996
-579.529
-579.186
-579.455
-578.935
-579.743
-579.886
-578.995
-578.995
-578.707
-579.208
-579.446
-579.981
-580.852
-581.132
-580.714
-580.234
-580.52
-580.954
-581.085
-581.085
-581.112
-581.741
-581.741
-581.297
-581.297
-580.678
-580.379
-581.289
-581.711
-580.794
-580.626
-580.628
-579.8
-579.461
-579.398
-580.345
-580.85
-580.519
-580.386
-581.198
-580.796
-580.963
-581.361
-581.119
-580.708
-581.406
-582.364
-582.931
-582.004
-582.088
-581.516
-582.182
-582.595
-582.595
-583.44
-583.942
-584.3
-584.618
-584.709
-584.162
-584.619
-584.952
-585.917
-585.979
-586.742
-587.058
-587.279
-586.851
-587.09
-588.049
-588.327
-588.597
-588.597
-588.597
-589.021
-588.154
-588.504
-588.544
-587.844
-588.582
-589.305
-589.098
-589.098
-588.349
-588.81
-589.358
-589.358
-588.965
-588.008
-587.945
-587.59
-588.376
-587.415
-586.496
-587.008
-587.008
-586.023
-586.492
-585.737
-585.781
-585.811
-585.643
-585.36
-585.237
-584.824
-584.144
-584.895
-584.375
-584.612
-584.885
-583.993
-583.357
-582.563
-582.826
-582.206
-583.172
-583.815
-584.763
-584.022
-583.748
-582.915
-583.442
-583.506
-584.195
-584.612
-583.944
-584.521
-584.453
-583.794
-583.794
-583.319
-583.529
-583.37
-583.37
-583.497
-584.335
-584.581
-584.493
-583.73
-583.485
-583.405
-583.615
-583.208
-583.41
-584.397
-583.946
-584.62
-584.62
-584.508
-585.348
-584.863
-583.942
-583.971
-584.681
-584.37
-584.819
-584.819
-584.235
-584.643
-585.038
-585.038
-585.101
-585.504
-585.31
-585.31
-585.166
-586.055
-586.048
-585.752
-586.447
-586.918
-586.58
-587.016
-587.356
-587.771
-587.754
-586.998
-587.819
-587.819
-587.819
-587.819
-587.394
-587.163
-587.163
-586.403
-585.494
-586.054
-585.265
-585.046
-585.605
-585.498
-586.376
-587.019
-587.181
-587.167
-587.858
-587.857
-587.116
-587.116
-587.102
-587.834
-587.554
-588.139
-587.895
-587.895
-587.895
-588.834
-589.294
-588.874
-588.503
-588.9
-588.936
-589.911
-589.916
-589.772
-589.772
-589.085
-589.085
-590.065
-589.907
-590.489
-591.451
-592.013
-592.013
-592.645
-592.244
-592.815
-593.395
-594.006
-593.156
-593.079
-594.013
-594.624
-595.162
-594.728
-593.78
-593.78
-594.722
-595.702
-595.646
-594.891
-595.558
-595.222
-594.41
-593.747
-593.935
-593.476
-593.972
-593.733
-592.823
-592.823
-593.107
-592.475
-591.853
-591.93
-591.466
-591.466
-591.233
-590.827
-591.105
-591.105
-590.272
-589.284
-589.284
-590.262
-590.853
-589.912
-590.047
-589.299
-589.299
-588.351
-588.708
-588.708
-588.743
-588.565
-589.458
-590.065
-590.65
-590.301
-590.723
-591.403
-590.962
-591.792
-592.205
-591.585
-591.772
-592.011
-592.202
-591.314
-590.73
-590.788
-591.191
-590.829
-590.6
-590.929
-590.986
-590.152
-590.152
-590.152
-589.914
-590.028
-589.356
-589.471
-589.247
-588.83
-588.83
-588.745
-588.546
-589.349
-590.114
-590.803
-591.11
-590.96
-590.664
-590.872
-591.27
-591.319
-591.289
-591.77
-592.688
-593.098
-593.253
-593.723
-593.356
-593.732
-594.419
-594.466
-594.334
-594.334
-594.755
-594.621
-595.595
-596.385
-595.489
-596.314
-596.787
-597.716
-597.716
-598.488
-598.031
-598.854
-598.455
-599.421
-599.282
-599.282
-598.385
-599.038
-599.591
-598.612
-598.204
-599.07
-598.269
-597.685
-597.163
-597.437
-597.865
-598.024
-598.889
-599.406
-599.406
-598.773
-598.773
-598.862
-599.563
-600.453
-600.843
-601.122
-601.588
-601.47
-601.25
-601.44
-601.657
-600.757
-601.736
-601.951
-602.543
-602.037
-602.684
-603.358
-604.058
-603.747
-603.515
-604.104
-603.951
-603.883
-603.15
-603.942
-604.206
-603.234
-603.157
-603.157
-603.882
-603.482
-603.482
-604.25
-605.123
-604.968
-605.484
-605.749
-606.309
-606.978
-607.828
-607.452
-606.813
-606.57
-607.56
-608.284
-609.016
-609.764
-610.439
-610.343
-609.37
-609.587
-609.736
-609.706
-609.501
-609.161
-608.972
-608.972
-609.34
-609.441
-609.441
-609.181
-610.02
-609.301
-609.148
-608.676
-607.697
-607.386
-606.482
-605.493
-606.385
-606.342
-606.433
-606.799
-607.249
-607.507
-608.146
-608.094
-608.094
-608.585
-609.197
-609.362
-609.801
-609.877
-609.77
-609.724
-610.12
-610.288
-610.288
-611.033
-610.982
-611.964
-611.687
-611.625
-610.908
-611.755
-611.977
-611.999
-612.389
-611.725
-612.076
-612.506
-613.484
-614.066
-614.066
-613.303
-614.165
-614.735
-614.776
-615.417
-615.417
-615.192
-615.306
-615.322
-615.743
-615.816
-615.816
-615.816
-615.816
-616.173
-617.107
-617.107
-617.039
-617.697
-617.697
-617.723
-617.806
-617.792
-618.209
-618.447
-617.992
-618.355
-619.292
-620.163
-619.419
-620.172
-620.829
-620.599
-619.971
-619.778
-619.904
-620.379
-620.445
-619.825
-619.525
-620.354
-620.748
-620.619
-620.212
-620.342
-620.342
-619.769
-619.016
-619.462
-619.649
-619.561
-619.677
-619.516
-618.786
-618.26
-619.228
-619.541
-619.019
-619.303
-618.574
-617.94
-618.074
-618.852
-619.016
-619.912
-619.912
-620.306
-620.141
-619.307
-620.088
-619.499
-620.394
-620.73
-621.302
-620.334
-619.924
-619.746
-619.853
-619.2
-619.507
-619.974
-620.237
-620.237
-620.189
-620.313
-619.863
-620.377
-619.675
-619.52
-619.733
-619.068
-619.423
-618.801
-619.331
-618.609
-618.844
-618.844
-618.988
-618.988
-619.815
-618.905
-618.985
-619.37
-619.235
-619.235
-619.555
-619.09
-619.771
-620.386
-619.913
-620.732
-620.732
-620.627
-620.251
-620.416
-621.167
-622.088
-622.559
-622.142
-621.246
-621.942
-622.862
-623.61
-623.718
-623.767
-623.687
-624.587
-624.13
-624.372
-624.372
-624.372
-624.052
-624.052
-623.89
-623.715
-624.273
-624.334
-624.343
-624.153
-624.861
-624.412
-624.366
-625.109
-625.867
-625.239
-624.614
-624.939
-624.406
-623.837
-623.93
-624.703
-624.703
-624.018
-623.532
-624.066
-624.066
-625.012
-624.897
-624.439
-624.509
-624.988
-624.649
-624.649
-624.233
-623.949
-623.043
-623.394
-622.738
-623.359
-623.738
-624.007
-623.98
-624.767
-624.767
-624.767
-625.444
-626.344
-626.344
-626.04
-625.373
-624.76
-624.922
-624.553
-624.685
-625.217
-624.988
-625.75
-626.059
-626.374
-625.524
-624.586
-623.952
-623.952
-623.766
-623.766
-623.318
-622.425
-623.39
-623.39
-623.39
-623.571
-622.963
-623.293
-623.616
-623.208
-623.733
-623.593
-624.522
-624.796
-624.384
-624.965
-625.779
-625.779
-626.552
-627.053
-626.673
-627.561
-627.486
-627.82
-627.82
-628.642
-628.776
-628.276
-628.597
-628.597
-628.581
-628.847
-628.847
-629.704
-628.775
-628.451
-628.451
-628.662
-629.248
-630.202
-629.923
-629.923
-630.442
-630.501
-630.073
-629.093
-628.17
-627.175
-627.235
-627.234
-627.781
-627.149
-627.54
-626.965
-627.754
-627.026
-627.396
-628.201
-629.196
-629.984
-630.404
-630.396
-630.607
-631.044
-631.573
-632.088
-631.536
-630.565
-630.226
-629.639
-630.581
-631.247
-631.57
-630.594
-629.903
-630.061
-629.769
-629.603
-630.575
-630.187
-631.041
-631.199
-631.495
-631.692
-632.537
-632.551
-631.9
-632.39
-632.404
-631.425
-630.595
-630.574
-631.083
-631.083
-630.863
-630.325
-630.793
-630.323
-630.302
-629.56
-628.824
-628.6
-628.834
-628.834
-628.89
-629.62
-630.267
-630.829
-630.826
-630.333
-629.422
-629.497
-629.56
-629.576
-629.775
-630.548
-630.039
-630.039
-629.919
-629.919
-630.19
-631.086
-631.512
-631.46
-630.524
-631.447
-631.662
-631.435
-630.666
-631.049
-631.049
-631.395
-631.857
-631.996
-631.885
-631.856
-631.548
-632.201
-633.148
-633.326
-633.995
-633.367
-634.146
-635.142
-635.737
-635.737
-636.197
-636.25
-637.079
-636.373
-636.925
-636.925
-637.507
-637.778
-637.177
-636.801
-636.747
-636.747
-636.505
-636.498
-635.941
-635.141
-635.141
-634.566
-634.122
-634.122
-633.465
-633.186
-632.61
-632.702
-632.702
-633.082
-632.118
-631.352
-630.518
-630.518
-630.36
-629.49
-628.984
-629.976
-630.725
-630.352
-629.884
-629.647
-629.562
-630.208
-629.854
-629.55
-629.224
-629.689
-629.036
-629.134
-629.389
-629.269
-629.971
-629.338
-629.079
-629.421
-629.323
-629.323
-630.269
-631.211
-631.888
-632.366
-632.876
-633.68
-634.558
-633.758
-633.395
-633.485
-633.068
-633.968
-633.968
-634.384
-634.984
-634.408
-634.989
-634.928
-634.109
-633.944
-634.124
-634.021
-634.127
-634.195
-633.238
-632.956
-632.956
-633.831
-633.57
-632.728
-632.822
-633.216
-633.216
-633.416
-633.817
-634.5
-633.612
-634.25
-633.53
-634.008
-633.711
-633.711
-633.764
-633.037
-632.668
-633.465
-633.715
-634.354
-633.923
-634.646
-634.646
-634.646
-634.646
-634.646
-634.97
-635.008
-635.621
-636.149
-636.149
-636.226
-636.169
-635.716
-636.245
-636.245
-636.816
-636.771
-636.539
-637.113
-636.6
-637.174
-636.378
-636.893
-637.496
-638.411
-638.354
-637.496
-638.282
-638.373
-638.672
-637.73
-637.099
-637.08
-637.346
-637.346
-636.771
-636.904
-636.838
-636.796
-636.699
-635.962
-636.274
-635.889
-635.939
-636.447
-636.707
-636.786
-636.022
-636.915
-637.84
-636.906
-637.329
-636.989
-636.989
-636.62
-636.816
-636.035
-636.208
-636.118
-636.302
-636.917
-636.914
-636.594
-636.892
-637.241
-636.303
-635.921
-636.909
-636.909
-637.411
-638.157
-638.331
-638.475
-638.78
-638.017
-638.223
-638.977
-639.612
-638.853
-638.315
-638.315
-639.269
-639.144
-639.144
-638.742
-638.742
-638.744
-638.323
-637.884
-637.101
-636.795
-636.76
-636.752
-636.381
-637.017
-637.342
-638.211
-637.443
-638.373
-637.377
-636.452
-637.156
-638.092
-638.821
-639.097
-638.224
-638.118
-637.757
-638.527
-639.183
-639.294
-639.372
-638.888
-638.05
-638.536
-638.536
-638.212
-638.046
-638.11
-638.661
-637.851
-638.122
-638.122
-638.122
-639.085
-638.715
-639.176
-639.577
-638.81
-639.586
-640.544
-640.992
-640.684
-640.684
-641.526
-641.623
-642.399
-643.017
-642.341
-643.139
-643.519
-643.356
-643.862
-643.223
-643.247
-643.126
-643.746
-644.055
-643.256
-643.256
-643.676
-644.227
-644.474
-644.395
-645.313
-645.313
-646.006
-646.006
-646.889
-646.171
-645.705
-646.63
-647.44
-647.228
-647.554
-647.226
-647.432
-648.173
-648.173
-648.173
-647.321
-646.322
-646.118
-646.681
-645.813
-645.438
-646.294
-647.043
-647.242
-646.329
-646.329
-647.181
-647.181
-646.302
-646.427
-646.743
-646.991
-647.037
-646.626
-646.964
-646.058
-645.912
-645.425
-645.61
-644.704
-644.963
-645.251
-644.944
-644.3
-643.564
-644.207
-643.786
-643.247
-642.805
-642.998
-642.943
-642.554
-641.845
-642.481
-643.011
-643.827
-644.235
-643.284
-643.187
-642.355
-642.2
-641.55
-642.388
-642.388
-642.773
-642.375
-641.982
-641.515
-642.48
-642.48
-642.368
-642.368
-642.992
-643.308
-642.632
-642.483
-642.586
-641.989
-642.593
-643.521
-643.944
-643.701
-642.878
-642.898
-643.358
-643.358
-643.74
-644.439
-644.114
-644.114
-644.058
-643.785
-643.596
-644.548
-644.548
-644.729
-645.037
-645.084
-645.084
-644.25
-644.992
-644.682
-643.91
-643.571
-643.001
-642.257
-642.257
-642.91
-643.641
-643.707
-643.456
-643.822
-644.149
-643.401
-643.797
-643.707
-643.702
-644.662
-645.335
-645.335
-645.335
-644.427
-644.347
-643.57
-644.127
-643.463
-643.932
-643.627
-643.212
-644.115
-644.115
-644.378
-644.378
-644.218
-644.029
-643.128
-643.911
-644.156
-644.97
-644.734
-645.096
-645.096
-644.844
-644.689
-645.104
-645.104
-644.144
-644.981
-645.078
-644.738
-643.998
-644.652
-645.501
-645.226
-645.567
-645.712
-646.235
-646.893
-647.42
-648.224
-648.224
-647.858
-647.883
-648.562
-648.261
-648.828
-648.528
-647.735
-647.338
-647.741
-647.741
-647.741
-647.892
-647.892
-648.368
-647.646
-647.037
-646.879
-646.576
-646.976
-647.353
-647.469
-646.764
-646.828
-647.616
-647.616
-646.621
-646.697
-645.699
-646.395
-646.852
-646.504
-646.504
-645.997
-646.515
-646.146
-646.642
-645.711
-646.67
-647.003
-647.396
-647.41
-646.811
-647.394
-648.286
-647.786
-648.153
-648.66
-648.808
-649.203
-648.68
-648.439
-647.873
-647.873
-648.388
-648.233
-648.501
-648.573
-648.813
-648.905
-648.905
-649.131
-648.476
-648.157
-647.886
-647.216
-647.194
-648.177
-648.524
-647.708
-648.404
-648.528
-648.026
-647.238
-647.784
-647.784
-648.006
-648.006
-647.341
-648.244
-648.16
-648.16
-649.015
-649.684
-649.618
-650.062
-650.099
-650.509
-651.009
-651.608
-651.237
-651.907
-651.049
-650.939
-649.973
-650.935
-650.291
-651.205
-650.69
-650.706
-650.901
-650.901
-650.514
-650.258
-651.133
-651.299
-651.187
-651.826
-651.148
-650.419
-649.611
-650.061
-649.954
-650.414
-650.452
-650.466
-650.466
-650.533
-651.19
-651.293
-651.291
-650.976
-651.22
-650.31
-650.524
-651.1
-651.386
-650.429
-650.429
-650.159
-649.994
-649.711
-649.439
-650.201
-650.244
-649.833
-649.182
-649.953
-649.128
-649.912
-649.03
-649.03
-648.596
-648.942
-649.329
-649.854
-650.673
-650.498
-649.695
-649.695
-650.332
-651.006
-650.598
-651.408
-651.789
-652.127
-651.153
-650.435
-650.891
-650.18
-650.694
-649.993
-649.148
-649.7
-648.896
-649.205
-648.711
-649.214
-649.214
-649.039
-649.096
-649.978
-649.958
-649.958
-649.958
-649.042
-649.042
-649.149
-649.082
-649.904
-650.202
-651.082
-650.091
-650.334
-651.277
-650.54
-651.331
-650.847
-651.75
-652.248
-652.905
-653.63
-653.323
-654.308
-654.313
-654.061
-654.808
-655.441
-655.182
-655.681
-655.022
-654.742
-654.742
-655.327
-656.256
-656.279
-655.789
-655.842
-654.888
-655.651
-655.569
-655.003
-655.171
-655.171
-655.531
-655.3
-655.854
-656.44
-656.44
-656.181
-655.412
-654.485
-654.922
-654.922
-654.651
-653.955
-653.943
-654.013
-654.013
-654.982
-654.982
-655.952
-655.197
-655.825
-655.934
-655.758
-656.089
-655.805
-655.518
-656.142
-656.766
-656.94
-656.409
-656.743
-657.179
-657.179
-657.179
-656.189
-656.189
-656.689
-656.286
-655.833
-655.741
-656.333
-656.277
-655.379
-655.19
-655.93
-655.786
-655.888
-656.498
-656.678
-656.678
-657.09
-657.137
-657.32
-657.746
-657.716
-657.816
-657.247
-657.292
-658.038
-658.364
-659.065
-658.362
-658.823
-659.579
-660.501
-660.501
-660.501
-659.878
-660.228
-660.089
-659.889
-659.183
-658.428
-658.022
-657.985
-658.162
-658.209
-657.329
-657.357
-656.976
-656.474
-656.31
-655.944
-656.333
-657.002
-657.1
-657.58
-656.986
-656.195
-656.724
-655.756
-655.344
-654.793
-654.279
-654.842
-655.216
-655.515
-655.826
-655.832
-656.77
-656.801
-655.896
-655.986
-655.649
-655.649
-654.896
-654.928
-655.427
-655.497
-654.65
-655.557
-654.814
-655.592
-655.261
-655.742
-656.608
-656.315
-656.315
-656.315
-656.181
-655.251
-655.279
-655.637
-654.928
-654.928
-655.281
-655.489
-654.705
-654.347
-654.874
-654.878
-654.862
-655.294
-655.294
-655.937
-656.092
-655.588
-656.46
-657.217
-656.989
-656.034
-655.835
-655.292
-655.292
-655.532
-655.475
-655.523
-655.315
-655.748
-655.122
-654.417
-654.67
-654.306
-654.968
-655.918
-655.311
-655.91
-656.711
-657.04
-657.493
-657.603
-658.509
-659.146
-659.09
-658.455
-658.325
-658.048
-657.27
-657.639
-658.362
-658.151
-657.857
-657.276
-656.764
-657.094
-656.895
-656.895
-656.59
-656.986
-657.447
-656.643
-656.275
-656.128
-656.819
-657.076
-656.806
-657.782
-657.855
-658.326
-658.503
-658.503
-659.09
-659.09
-659.187
-658.873
-659.545
-658.551
-658.551
-659.088
-659.676
-658.851
-659.85
-659.85
-659.459
-659.611
-660.44
-660.333
-660.934
-660.934
-660.439
-660.208
-660.121
-660.853
-660.87
-659.961
-660.323
-660.95
-660.078
-660.719
-661.089
-661.206
-660.842
-661.033
-660.051
-660.353
-660.224
-660.224
-661.181
-662.007
-662.1
-661.735
-662.428
-662.165
-662.165
-662.162
-662.942
-663.477
-663.204
-663.204
-664.173
-664.362
-664.897
-664.897
-664.093
-664.949
-664.447
-663.677
-664.379
-664.379
-664.651
-664.426
-664.739
-664.506
-665.494
-665.847
-664.974
-665.57
-665.489
-665.489
-666.037
-666.066
-666.383
-667.205
-666.853
-666.853
-666.758
-666.865
-667.261
-667.261
-667.254
-667.573
-666.845
-666.845
-666.845
-666.139
-665.269
-665.915
-666.187
-666.191
-666.3
-665.686
-666.199
-667.126
-667.699
-667.951
-667.951
-667.34
-668.19
-668.836
-668.986
-668.023
-667.677
-667.165
-668.13
-668.688
-668.688
-669.209
-669.931
-670.508
-671.409
-671.818
-671.259
-671.259
-670.792
-669.923
-670.536
-671.342
-670.914
-671.042
-670.78
-670.602
-670.737
-671.254
-670.316
-670.272
-669.864
-669.434
-669.003
-669.003
-669.758
-670.112
-670.592
-670.269
-670.237
-669.414
-669.547
-670.405
-670.405
-670.514
-670.69
-670.69
-671.584
-670.997
-670.997
-671.092
-670.348
-670.348
-669.664
-670.661
-670.84
-670.84
-670.831
-671.246
-671.246
-671.875
-672.285
-672.408
-672.63
-673.579
-674.021
-674.797
-674.409
-674.075
-674.204
-673.256
-672.432
-671.545
-671.7
-671.407
-671.124
-670.556
-670.325
-671.002
-670.521
-670.521
-670.866
-671.085
-671.838
-671.098
-670.242
-670.026
-670.697
-670.318
-671.112
-672.104
-671.864
-671.871
-671.111
-670.796
-670.666
-671.066
-671.776
-672.365
-671.846
-672.413
-672.833
-673.407
-674.38
-674.164
-674.509
-675.463
-675.31
-675.079
-675.555
-675.555
-675.908
-676.306
-676.306
-676.211
-676.181
-675.443
-675.802
-675.87
-676.462
-677.06
-677.129
-677.022
-676.094
-676.616
-677.474
-678.454
-678.586
-678.372
-679.222
-678.982
-679.258
-679.841
-678.907
-678.907
-679.48
-679.569
-679.569
-679.29
-679.999
-680.612
-681.524
-681.138
-681.932
-682.174
-681.908
-681.253
-682.067
-683.022
-683.022
-682.472
-683.053
-682.115
-681.987
-681.737
-681.068
-680.823
-680.823
-679.849
-679.78
-679.158
-679.799
-680.566
-680.417
-680.193
-680.166
-680.373
-680.099
-680.875
-681.138
-680.445
-680.851
-680.39
-679.39
-679.059
-680.011
-680.011
-679.197
-679.882
-680.858
-681.249
-680.57
-680.019
-679.149
-678.713
-678.596
-678.727
-678.128
-678.747
-678.528
-678.141
-678.298
-678.214
-678.74
-677.981
-677.55
-677.55
-678.081
-677.616
-677.616
-676.986
-676.986
-676.579
-675.945
-675.525
-674.669
-674.475
-674.509
-674.346
-674.273
-673.573
-672.834
-673.047
-672.092
-672.314
-673.161
-672.379
-672.757
-672.461
-672.476
-672.96
-672.521
-673.407
-673.216
-673.385
-673.853
-674.846
-674.229
-673.348
-673.755
-674.638
-675.591
-676.206
-676.457
-677.401
-676.7
-676.798
-677.697
-678.241
-678.477
-678.369
-679.215
-679.784
-680.197
-680.197
-680.197
-680.972
-681.197
-681.078
-681.802
-681.802
-682.272
-682.071
-682.49
-682.938
-682.565
-682.561
-682.87
-683.415
-683.823
-683.887
-683.731
-684.09
-684.09
-684.497
-683.926
-683.541
-683.541
-682.701
-681.837
-681.553
-681.681
-681.018
-680.717
-680.882
-680.32
-680.901
-680.901
-681.583
-682.484
-682.329
-682.329
-682.319
-683.152
-683.367
-682.913
-682.858
-682.858
-683.769
-683.388
-682.549
-681.549
-681.821
-681.821
-681.629
-682.002
-681.232
-680.406
-681.062
-680.577
-679.982
-679.704
-680.506
-680.055
-679.618
-680.334
-680.156
-679.592
-680.229
-681.05
-680.354
-680.774
-680.774
-680.016
-679.919
-679.559
-679.765
-680.537
-679.695
-679.475
-679.608
-678.676
-679.045
-679.379
-679.342
-678.856
-678.641
-678.873
-677.963
-678.106
-678.418
-677.59
-677.015
-677.692
-678.475
-678.464
-678.464
-678.464
-679.088
-680.011
-679.107
-679.645
-680.15
-680.65
-680.272
-681.18
-681.393
-680.491
-680.686
-680.166
-680.166
-680.236
-680.394
-679.666
-680.665
-680.137
-679.521
-680.279
-680.294
-679.441
-679.397
-679.223
-679.158
-680.105
-680.736
-681.592
-681.066
-681.545
-682.045
-682.744
-682.522
-683.181
-683.181
-683.181
-684.046
-684.843
-685.194
-686.072
-685.95
-685.735
-684.912
-683.948
-683.948
-684.156
-683.97
-683.122
-682.83
-682.782
-683.086
-683.76
-683.76
-684.756
-684.444
-685.228
-685.228
-685.228
-684.859
-684.969
-685.337
-686.323
-686.327
-686.302
-687.198
-687.17
-687.39
-687.499
-686.901
-687.066
-687.154
-686.829
-686.209
-687.059
-687.902
-688.597
-689.488
-690.229
-691.048
-690.844
-689.853
-689.705
-689.705
-689.705
-689.705
-690.007
-689.484
-689.859
-689.771
-690.594
-690.695
-691.657
-692.635
-691.925
-692.925
-692.675
-692.451
-693.037
-693.13
-693.493
-694.278
-693.702
-692.77
-692.77
-692.77
-692.491
-692.491
-692.491
-693.223
-692.51
-692.359
-692.172
-692.973
-692.346
-693.175
-693.694
-694.582
-695.329
-696.108
-696.101
-696.719
-696.719
-696.877
-696.648
-697.329
-697.329
-697.58
-696.83
-696.506
-696.454
-696.235
-696.906
-696.96
-696.96
-696.538
-696.766
-697.61
-697.61
-697.294
-698.167
-698.167
-698.849
-698.941
-699.132
-698.531
-698.444
-698.519
-699.367
-698.561
-697.743
-697.743
-697.538
-697.836
-697.981
-697.214
-697.214
-697.269
-696.631
-695.766
-695.08
-695.18
-695.232
-695.199
-695.199
-696.032
-695.82
-695.952
-695.81
-696.573
-697.226
-697.04
-696.714
-696.315
-696.932
-697.242
-697.895
-697.96
-698.604
-698.201
-697.944
-697.944
-697.944
-697.944
-698.883
-699.761
-699.821
-700.266
-700.266
-699.992
-700.784
-701.225
-701.74
-700.812
-700.578
-701.487
-700.754
-699.806
-700.029
-700.029
-700.557
-700.557
-699.802
-699.087
-698.573
-699.037
-699.81
-699.81
-699.331
-698.361
-698.948
-698.704
-698.089
-697.915
-697.789
-697.762
-697.071
-697.385
-697.516
-697.987
-697.703
-698.411
-698.036
-698.726
-699.484
-700.401
-701.06
-700.25
-699.994
-700.152
-699.384
-699.593
-700.579
-700.751
-701.356
-700.957
-701.308
-701.535
-700.999
-701.456
-700.517
-699.55
-699.74
-700.662
-700.643
-700.643
-701.461
-701.419
-702.173
-703.167
-703.078
-704.003
-703.705
-703.944
-704.518
-704.457
-704.849
-704.392
-704.717
-704.687
-703.926
-703.761
-703.761
-704.351
-703.716
-703.128
-702.675
-701.873
-701.104
-700.634
-700.406
-700.738
-701.093
-701.435
-701.837
-701.315
-701.867
-702.803
-702.457
-702.928
-702.748
-702.386
-703.034
-702.259
-703.248
-703.248
-703.248
-703.248
-704.062
-703.276
-703.276
-704.002
-704.002
-704.223
-703.62
-703.226
-702.902
-703.31
-704.174
-704.245
-704.666
-705.234
-704.423
-705.115
-704.76
-704.052
-703.302
-702.614
-701.851
-702.094
-701.891
-702.1
-702.076
-702.791
-702.523
-703.492
-703.033
-703.651
-703.966
-704.697
-705.28
-706.115
-707.064
-707.573
-707.573
-707.196
-707.196
-707.407
-707.191
-706.559
-706.559
-706.45
-706.45
-706.45
-707.205
-707.786
-707.988
-708.292
-708.208
-709.027
-708.109
-708.887
-708.304
-708.988
-708.342
-707.677
-708.327
-708.135
-707.489
-708.16
-709.003
-709.003
-708.019
-707.751
-707.914
-708.599
-708.606
-708.342
-708.996
-709.204
-710.099
-710.099
-710.512
-710.142
-710.757
-710.21
-709.903
-710.386
-710.062
-709.482
-709.797
-709.797
-709.13
-710.11
-710.062
-709.22
-709.198
-708.855
-709.289
-710.109
-709.728
-709.596
-709.837
-709.837
-709.145
-710.067
-709.889
-709.075
-709.862
-710.222
-710.524
-711.452
-711.987
-711.192
-711.192
-711.88
-711.88
-712.167
-711.721
-711.6
-712.554
-711.89
-712.053
-711.51
-711.749
-710.808
-710.93
-710.93
-711.426
-712.221
-712.837
-712.214
-711.614
-712.34
-711.702
-711.781
-711.781
-711.687
-711.728
-711.986
-712.88
-712.491
-713.033
-712.452
-711.484
-711.147
-711.512
-711.021
-711.509
-711.026
-710.874
-711.184
-711.705
-711.628
-711.193
-711.085
-711.085
-712.056
-712.056
-712.071
-712.485
-712.708
-712.384
-711.911
-711.707
-712.243
-711.906
-712.758
-713.506
-714.444
-714.871
-714.582
-714.048
-713.695
-713.695
-713.825
-713.325
-713.377
-714.263
-713.972
-714.808
-714.793
-713.986
-713.921
-714.235
-714.499
-714.499
-714.499
-713.758
-713.637
-712.86
-712.86
-712.686
-713.362
-714.353
-714.214
-713.829
-713.548
-713.624
-712.826
-713.438
-714.244
-714.135
-713.796
-713.239
-713.117
-713.327
-713.424
-712.748
-712.918
-713.332
-713.03
-712.88
-713.021
-712.965
-712.965
-712.047
-712.222
-711.527
-711.527
-710.538
-709.656
-708.777
-708.705
-709.356
-709.912
-710.204
-711.094
-711.639
-711.289
-711.289
-711.965
-712.443
-712.56
-712.544
-713.327
-713.932
-713.932
-713.863
-713.49
-712.627
-712.627
-712.627
-712.429
-713.369
-713
-713.332
-713.705
-712.946
-712.19
-712.141
-711.593
-712.373
-713.042
-712.155
-712.155
-711.512
-711.349
-711.964
-711.874
-711.696
-711.712
-711.956
-712.112
-712.123
-712.193
-711.909
-711.97
-712.091
-712.726
-713.579
-714.065
-714.065
-714.426
-713.682
-714.571
-714.78
-715.169
-715.282
-715.931
-715.166
-714.516
-714.927
-715.787
-716.017
-715.136
-715.136
-715.056
-714.263
-713.73
-714.473
-714.473
-714.871
-714.521
-714.806
-715.471
-716.369
-717.104
-716.992
-717.021
-717.612
-717.815
-718.707
-718.294
-718.211
-718.267
-718.398
-718.886
-719.264
-719.264
-718.958
-719.627
-719.627
-720.332
-720.176
-720.27
-720.557
-720.557
-720.557
-720.75
-720.725
-721
-720.17
-720.996
-721.612
-722.483
-721.781
-721.464
-721.907
-722.746
-723.657
-723.183
-722.778
-723.762
-723.907
-724.073
-724.32
-724.859
-723.896
-724.31
-724.513
-724.457
-725.236
-725.836
-725.099
-724.467
-725.218
-725.735
-726.177
-726.588
-727.353
-728.181
-727.373
-726.748
-726.289
-726.421
-726.421
-725.755
-725.22
-726.174
-726.861
-725.9
-726.041
-725.98
-726.713
-726.123
-726.123
-726.603
-726.36
-726.36
-726.197
-726.089
-725.484
-726.363
-726.871
-726.962
-727.49
-727.777
-727.824
-728.304
-727.846
-728.017
-728.138
-728.576
-729.448
-729.514
-729.126
-729.625
-730.429
-730.429
-729.719
-729.518
-729.518
-730.221
-730.92
-731.875
-732.049
-732.016
-732.697
-732.678
-733.252
-732.571
-732.359
-732.537
-731.578
-731.624
-730.714
-730.05
-730.05
-729.872
-729.513
-730.327
-730.417
-730.417
-730.4
-729.641
-729.385
-729.385
-729.079
-729.859
-730.287
-731.078
-732.055
-731.978
-732.202
-732.394
-732.192
-731.997
-732.698
-733.613
-734.558
-733.568
-733.032
-733.664
-733.409
-734.092
-734.092
-733.79
-734.739
-734.371
-734.383
-734.159
-734.667
-734.506
-734.537
-735.374
-736.011
-736.504
-737.491
-737.791
-738.4
-737.752
-738.593
-738.593
-738.593
-738.325
-738.547
-739.18
-739.751
-739.768
-739.016
-738.519
-738.933
-738.91
-738.237
-738.804
-738.665
-739.262
-739.202
-739.634
-738.989
-738.989
-739.753
-740.677
-740.947
-740.798
-740.855
-741.773
-742.564
-741.997
-741.459
-741.459
-740.599
-740.599
-741.475
-741.816
-741.926
-742.061
-742.061
-742.061
-741.457
-741.116
-741.075
-741.757
-741.809
-741.86
-742.027
-742.027
-742.813
-742.823
-742.823
-743.595
-744.165
-744.117
-744.303
-744.347
-744.614
-743.744
-744.136
-744.136
-743.743
-743.449
-743.892
-743.91
-744.891
-745.159
-745.429
-745.715
-745.704
-745.565
-745.565
-745.482
-746.207
-745.296
-746.015
-746.015
-745.106
-744.449
-744.449
-744.784
-745.154
-745.692
-745.255
-745.524
-745.007
-745.142
-744.935
-745.377
-745.517
-744.943
-744.943
-745.073
-745.275
-744.583
-744.433
-744.433
-743.621
-744.494
-744.336
-743.805
-743.674
-743.941
-743.173
-743.055
-743.055
-743.262
-743.262
-743.214
-743.502
-744.092
-744.848
-744.356
-744.356
-743.799
-744.121
-744.207
-744.953
-744.263
-744.105
-744.09
-743.99
-744.959
-744.816
-744.409
-745.075
-745.091
-745.074
-744.227
-744.359
-744.897
-744.051
-744.478
-744.287
-743.937
-744.401
-743.503
-744.002
-743.197
-743.638
-743.564
-744.257
-744.604
-744.515
-744.312
-743.934
-743.934
-743.39
-742.486
-741.904
-741.108
-741.798
-742.428
-741.935
-742.896
-742.176
-742.674
-743.248
-743.577
-744.329
-744.485
-745.437
-745.318
-745.008
-744.771
-744.771
-744.771
-745.708
-745.453
-746.09
-746.862
-746.862
-747.054
-746.964
-746.627
-745.949
-746.345
-746.647
-747.556
-746.995
-746.462
-745.564
-745.073
-745.073
-744.525
-744.476
-744.048
-744.048
-744.985
-744.985
-744.884
-745.294
-744.754
-745.252
-745.043
-744.562
-744.048
-743.716
-743.304
-743.91
-744.836
-745.649
-745.587
-745.587
-745.067
-744.934
-745.208
-744.99
-745.179
-745.179
-745.516
-745.516
-745.274
-744.857
-745.804
-745.154
-744.328
-744.145
-743.592
-743.018
-743.225
-743.264
-742.73
-742.517
-741.773
-741.773
-741.568
-741.035
-740.891
-741.331
-740.557
-740.293
-741.277
-742.002
-741.229
-740.5
-740.526
-740.596
-740.883
-741.473
-742.373
-742.649
-743.273
-742.716
-742.229
-742.191
-742.019
-741.611
-741.808
-741.182
-741.874
-742.5
-742.79
-742.79
-743.087
-743.108
-742.573
-742.544
-742.479
-743.267
-742.986
-742.24
-741.366
-741.87
-741.133
-741.735
-741.182
-741.639
-742.43
-742.803
-742.803
-741.835
-741.584
-741.795
-741.411
-740.673
-740.021
-739.327
-739.435
-740.143
-740.268
-740.41
-739.791
-740.33
-741.134
-742.085
-742.085
-741.875
-742.02
-741.765
-741.904
-742.237
-742.595
-742.332
-741.77
-741.878
-741.267
-741.793
-741.728
-742.323
-742.498
-741.738
-741.141
-740.504
-740.109
-740.109
-739.152
-739.023
-739.565
-740.343
-741.301
-741.712
-742.516
-742.486
-742.038
-742.34
-741.822
-742.518
-743.08
-743.126
-742.518
-742.864
-741.959
-741.959
-742.786
-742.283
-742.897
-742.27
-742.323
-741.581
-741.885
-741.05
-741.284
-740.793
-741.534
-740.823
-741.469
-741.557
-741.557
-741.174
-741.31
-740.584
-740.398
-740.564
-741.404
-741.02
-741.722
-740.972
-741.106
-741.422
-740.498
-740.746
-741.495
-741.469
-742.091
-741.095
-741.893
-741.4
-741.618
-742.48
-741.766
-742.337
-742.024
-741.823
-742.219
-742.219
-742.035
-741.988
-741.491
-741.914
-742.696
-742.877
-742.395
-742.963
-743.911
-742.946
-742.58
-743.398
-744.188
-744.888
-745
-745.177
-745.563
-745.654
-745.759
-745.515
-745.515
-744.863
-745.762
-744.762
-744
-744.479
-744.723
-744.723
-744.211
-744.039
-744.72
-745.281
-745.651
-745.062
-744.988
-745.657
-745.657
-745.654
-746.172
-746.123
-745.638
-744.68
-745.592
-745.47
-746.198
-746.198
-745.479
-745.711
-746.134
-746.874
-746.978
-746.17
-745.243
-744.433
-744.99
-744.847
-744.744
-745.323
-745.802
-745.309
-745.309
-745.309
-745.722
-745.485
-745.61
-745.61
-746.539
-745.691
-746.258
-745.436
-746.432
-746.794
-746.794
-746.819
-746.572
-747.296
-747.685
-747.27
-747.753
-747.805
-747.805
-747.369
-747.415
-746.525
-746.182
-745.597
-745.597
-746.085
-747.045
-747.62
-748.348
-747.987
-748.299
-748.299
-748.744
-747.977
-748.95
-749.871
-750.319
-751.13
-750.85
-750.773
-750.716
-750.748
-751.666
-751.664
-750.78
-750.285
-750.379
-751.121
-751.121
-751.447
-750.954
-751.322
-751.322
-751.433
-750.815
-750.815
-750.627
-749.856
-750.405
-750.405
-750.405
-750.929
-750.159
-749.608
-750.472
-751.107
-751.77
-751.784
-752.281
-752.281
-752.281
-752.736
-752.794
-752.421
-752.493
-752.493
-752.37
-753.017
-752.638
-752.575
-753.117
-752.997
-753.844
-752.966
-753.136
-753.664
-753.488
-754.302
-754.138
-754.138
-754.591
-753.933
-753.211
-753.569
-753.926
-754.261
-754.481
-754.566
-754.547
-753.997
-753.815
-753.01
-752.307
-752.73
-752.587
-753.46
-753.385
-753.866
-754.211
-754.661
-755.353
-755.199
-754.371
-754.562
-754.425
-753.626
-754.003
-754.003
-754.003
-754.525
-754.987
-755.825
-755.757
-756.451
-757.415
-757.218
-757.391
-757.165
-757.396
-757.82
-757.82
-758.426
-758.465
-758.644
-757.985
-757.82
-757.82
